27332.88108162524,14269.62094135783,25432.88108162477,14269.62094135783
43732.88108161965,14269.62094135783,45632.88108162011,14269.62094135783
3932.881081637344,14269.62094135527,2032.881081636879,14269.62094135527
20332.88108163176,14269.62094135527,22232.88108163222,14269.62094135527
2633.011351000867,2870.222599335626,533.0113560509635,2870.359058723232
4232.881081455736,2869.620941329195,532.881088749389,2869.850441267161
67532.88108161125,14269.62094135527,69432.88108161173,14269.62094135527
51132.88108161685,14269.62094135527,49232.88108161639,14269.62094135527
68832.75081224774,2870.222599335626,70932.75080719765,2870.359058723232
68832.75081224774,2870.222599335626,68832.76321764651,2670.222599720262
67232.75081512367,2870.129558779212,70932.75080783002,2870.359058717179
8632.881081684842,1669.685453391022,11332.88176474522,1669.620941648114
12932.87809395173,1669.620941647881,15632.88108162966,1669.620941647881
62832.8810813328,1669.685452951554,60132.88039827242,1669.620941208646
58532.88406906591,1669.620941208413,55832.88108138798,1669.620941208413
32033.34823114798,1669.620932059683,34632.88416913804,1669.620932059246
27732.88108162815,11269.62094135597,25432.88108162431,11269.62094135597
27832.88108162815,11369.62094135915,25432.88108162803,11369.62094135915
28832.88108162302,10869.62094135915,28732.88108162629,10869.62094135552
28732.88108162629,10869.62094135552,28732.88108162629,10669.62094135747
28732.88108162629,10669.62094135747,29032.88108162838,10669.62094135915
27832.88108162815,10869.62094135915,27832.88108162803,10669.62094135915
27732.88108162803,9269.620941353585,27657.72418683628,9269.620941352085
27657.72418683628,9269.620941352085,27657.72418683628,9169.62094135517
27657.72418683628,9169.62094135517,27832.88108162803,9169.620941359984
26632.88108162314,9169.620941359637,26857.72418683639,9169.620941354937
26857.72418683639,9169.620941354937,26857.72418683628,9269.62094135485
26857.72418683628,9269.62094135485,26532.88108162803,9269.620941357716
27657.72418684093,9269.620941358036,26857.72418684093,9269.620941357804
26632.88108163571,7169.620941358444,23932.88108162943,7169.620941358458
26532.88108162628,7269.620941358444,23932.88108162815,7269.620941358444
27632.88108163257,8169.620941359157,27532.88108163583,8169.620941354819
27532.88108163583,8169.620941354819,27532.88108163583,8069.620941363623
27532.88108163583,8069.620941363623,27632.88108162466,8069.620941359142
26632.88108162314,8169.620941359157,26632.88108163583,8069.620941359158
26632.88108162314,9169.620941359637,26632.88108162314,8169.620941359157
26532.88108162954,9169.62094135961,26532.88108162803,8069.620941358065
27832.88108162803,8169.620941358067,27832.88108162466,8069.620941358065
27632.88108162803,8169.620941361442,27632.88108163257,8169.620941359157
27832.88108162803,8169.620941358067,27632.88108162803,8169.620941361442
31832.88141662767,12269.62094136109,31432.88108162629,12269.62094136106
31432.88108162629,12269.62094136106,31432.88108162629,12069.62094135878
31432.88108162629,12069.62094135878,31832.88141661661,12069.62094135838
29032.88108162838,12069.62094135838,29632.88108161674,12069.62094135878
29632.88108161674,12069.62094135878,29632.88108161674,12269.62094136105
29632.88108161674,12269.62094136105,29032.88108162268,12269.62094136108
31432.88108162873,12269.62094135876,29632.88108162035,12269.62094135876
28832.88108162594,14269.62094135603,27332.88108162314,14269.62094135672
28832.88108162849,14469.62094135559,27532.88108162314,14469.6209413562
25432.88108162431,9269.620941352929,25432.88108162396,9719.620941187486
25432.88108162396,9719.620941187486,25232.88108162698,9719.620941187502
25232.88108162698,9719.620941187502,25232.88108162827,9369.620941359623
25232.88108162803,11269.62094135806,25232.88108162698,10619.62094119703
25232.88108162698,10619.62094119703,25432.88108162396,10619.62094119703
25432.88108162396,10619.62094119703,25432.88108162431,11269.62094135597
27332.88108162314,14269.62094135672,27332.88108162303,14869.62094135594
27532.88108162314,14469.6209413562,27532.88108162303,15069.62094135985
23932.88108162943,7169.620941358458,23932.88108162978,2869.620941337874
23732.8810816285,7169.620941355621,23732.88108162896,2869.620941335524
26532.88108162803,8069.620941345464,26532.88108162803,7319.620941345464
27532.88108162303,15069.62094135985,27332.64750851377,15069.62094135815
27332.64750851377,15069.62094135815,27332.64750851377,14869.62094135885
27332.64750851377,14869.62094135885,27332.88108162303,14869.62094135594
25432.88108162792,14869.62094135614,25832.64750850434,14869.62094135901
25832.64750850434,14869.62094135901,25832.64750850422,15069.62094135833
25832.64750850422,15069.62094135833,25232.88108162792,15069.62094136012
27832.88108162815,11369.62094135915,27832.88108162815,10869.62094135915
27732.88108162815,11269.62094135597,27732.88108162803,10769.62094145259
27832.88108162803,10669.62094135915,27832.88108162803,9169.620941359984
27732.88108162803,10769.62094135806,27732.88108162803,9269.620941353585
25232.88108162827,9369.620941359623,25032.88108162489,9369.62094135696
25032.88108162489,9369.62094135696,25032.88108162512,9169.620941361165
25032.88108162512,9169.620941361165,25332.88108162803,9169.620941357367
23932.88108161744,9369.620941359404,23932.88108162826,9169.620941359419
28832.88108162302,10869.62094135915,28832.88108162478,12169.62094135876
29032.88108162838,10669.62094135915,29032.88108162838,12069.62094135838
25232.88108162803,11269.62094135806,25232.88108162792,15069.62094136012
25432.88108162803,11369.62094135915,25432.88108162792,14869.62094135614
28832.88108162849,14469.62094135559,28832.88108162478,15069.62093957621
29032.88108162501,14469.62094134498,29032.88108162477,15069.62093957621
28832.88108162478,15069.62093957621,29032.88108162477,15069.62093957621
23932.88108162826,9169.620941359419,23932.88108162815,7269.620941358444
23732.88108162826,9169.620941356392,23732.88108162815,7269.62094135562
23932.88108162663,10169.62094119322,23932.88108161744,9369.620941359404
23732.88108162663,10169.62094119409,23732.88108161488,9369.620941356377
23932.88108162663,10169.62094119322,23732.88108162663,10169.62094119409
28832.88108162478,12169.62094135876,28832.88108162594,14269.62094135603
29032.88108162268,12269.62094136108,29032.88108162268,14269.62094134484
43232.88108161289,11369.62094135915,45632.88108161581,11369.62094135915
43332.8810816129,11269.62094135597,45632.88108161674,11269.62094135597
42032.88108161639,10669.62094135915,42332.88108161685,10669.62094135766
42332.88108161685,10669.62094135766,42332.88108161674,10869.62094135565
42332.88108161674,10869.62094135565,42232.88108162186,10869.62094135915
43232.88108161801,10669.62094135915,43232.88108161289,10869.62094135915
43232.88108161801,9169.620941353845,43408.03797639848,9169.620941358373
43408.03797639848,9169.620941358373,43408.03797639848,9269.620941357673
43408.03797639848,9269.620941357673,43332.88108161801,9269.620941360161
44532.88108161685,9269.620941357716,44208.03797639848,9269.620941356043
44208.03797639848,9269.620941356043,44208.03797639848,9169.620941358138
44208.03797639848,9169.620941358138,44432.88108161674,9169.620941353496
43408.03797640395,9269.620941358036,44208.03797640395,9269.620941357804
44532.88108161673,7269.62094135562,47132.88108161673,7269.62094135562
44432.88108161674,7169.620941358444,47132.88108161697,7169.620941358444
43432.88108162035,8069.620941359158,43532.88108161674,8069.620941359231
43532.88108161674,8069.620941359231,43532.88108161674,8169.620941361035
43532.88108161674,8169.620941361035,43432.88108156284,8169.620941359157
44432.88108161674,8069.620941359158,44432.88108161674,8169.620941359157
44532.88108161673,9169.620941353469,44532.88108161685,8069.620941358065
44432.88108161674,9169.620941353496,44432.88108161674,8169.620941359157
43432.88108161686,8169.620941358067,43432.88108156284,8169.620941359157
43232.88108161685,8169.62094135469,43232.88108162023,8069.62094135469
43432.88108161686,8169.620941358067,43232.88108161685,8169.62094135469
42232.88108161813,14469.62094135524,43532.88108162303,14469.62094135585
42232.88108211779,14269.62094135568,43732.88108162302,14269.62094135638
45832.88108161673,9369.620941358036,45832.88108161709,9719.620941139816
45832.88108161709,9719.620941139816,45632.88108161743,9719.620941139816
45632.88108161743,9719.620941139816,45632.88108161674,9269.620941353149
45632.88108161674,11269.62094135597,45632.88108161743,10619.62094113981
45632.88108161743,10619.62094113981,45832.88108161709,10619.62094113981
45832.88108161709,10619.62094113981,45832.88108161685,11269.62094135806
43532.88108162303,14469.62094135585,43532.88108162314,15069.62094135735
43732.88108162302,14269.62094135638,43732.88108162314,14869.62094135706
47332.88108161685,7269.620941357134,47332.88108161639,2769.620941334782
47132.88108161697,7169.620941358444,47132.88108161662,2869.620941336529
44532.88108161685,8069.620941345375,44532.88108161685,7319.620941345376
43732.88108162314,14869.62094135706,43732.88108162628,15069.62094136006
43732.88108162628,15069.62094136006,43532.88108162314,15069.62094135735
45832.8810816179,15069.6209413576,45232.88108162629,15069.62094136023
45232.88108162629,15069.62094136023,45232.88108162629,14869.620941356
45232.88108162629,14869.620941356,45632.88108161569,14869.62094135726
43332.8810816129,11269.62094135597,43332.88108161685,10769.62094145259
43232.88108161289,11369.62094135915,43232.88108161289,10869.62094135915
43332.88108161685,10769.62094135806,43332.88108161801,9269.620941360161
43232.88108161801,10669.62094135915,43232.88108161801,9169.620941353845
45732.88108161685,9169.620941357367,46032.88108162745,9169.620941356508
46032.88108162745,9169.620941356508,46032.88108162757,9369.62094135923
46032.88108162757,9369.62094135923,45832.88108161673,9369.620941358036
47132.88108161673,9169.620941357833,47132.8810816278,9369.620941357833
42032.88108161639,10669.62094135915,42032.88108161639,12069.62094134566
42232.88108162186,10869.62094135915,42232.88108162011,12169.62094135876
45632.88108161581,11369.62094135915,45632.88108161569,14869.62094135726
45832.88108161685,11269.62094135806,45832.8810816179,15069.6209413576
42032.88108161837,14469.62094134233,42032.88108162011,15269.62094135783
42232.88108161813,14469.62094135524,42232.88108162011,15269.62094135783
42032.88108162011,15269.62094135783,42232.88108162011,15269.62094135783
47332.88108161685,9269.620941357134,47332.88108161685,7269.620941357134
47132.88108161673,9169.620941357833,47132.88108161673,7269.62094135562
47332.88108162617,10269.6209413583,47332.88108162617,9269.620941356901
47132.88108162617,10269.6209413583,47132.8810816278,9369.620941357833
47332.88108162617,10269.6209413583,47132.88108162617,10269.6209413583
4332.881081643398,11269.62094135597,2032.881081643398,11269.62094135597
4432.881081643397,11369.62094135597,2032.881081639323,11369.62094135598
5432.881081634667,10869.62094135915,5332.881081635831,10869.62094136188
5332.881081635831,10869.62094136188,5332.881081635831,10669.62094136217
5332.881081635831,10669.62094136217,5632.881081640139,10669.62094135915
4432.881081643397,10869.62094135915,4432.881081643397,10669.62094135915
4332.881081638392,9269.620941353149,4257.724186855251,9269.620941352565
4257.724186855251,9269.620941352565,4257.724186855369,9169.620941351444
4257.724186855369,9169.620941351444,4432.881081643397,9169.620941353161
3232.881081642118,9169.620941352827,3457.724186855252,9169.620941351212
3457.724186855252,9169.620941351212,3457.724186855252,9269.62094135389
3457.724186855252,9269.62094135389,3132.881081640138,9269.620941355155
4257.72418685304,9269.620941355475,3457.72418685304,9269.620941355242
3232.881081635715,7169.620941355621,532.882943102857,7169.620941355621
3132.881081635714,7269.62094135562,532.8810816395562,7269.62094135562
4232.881081632571,8169.620941352798,4132.881081635715,8169.620941348608
4132.881081635715,8169.620941348608,4132.881081635715,8069.620941358444
4132.881081635715,8069.620941358444,4232.881081635947,8069.620941359142
3232.881081642118,8169.620941352798,3232.881081635831,8069.620941359158
3232.881081642118,9169.620941352827,3232.881081642118,8169.620941352798
3132.881081642118,9169.620941359157,3132.881081640138,8069.620941355504
4432.881081640139,8169.620941355503,4432.881081636762,8069.620941355504
4232.881081640138,8169.62094135888,4232.881081632571,8169.620941352798
4432.881081640139,8169.620941355503,4232.881081640138,8169.62094135888
8432.881081445144,12269.620941356,8032.881081635714,12269.62094135757
8032.881081635714,12269.62094135757,8032.881081635832,12069.62094135562
8032.881081635832,12069.62094135562,8432.88108144619,12069.62094135584
5632.881081640022,12069.62094135584,6232.881081635831,12069.62094135562
6232.881081635831,12069.62094135562,6232.881081635831,12269.62094135757
6232.881081635831,12269.62094135757,5632.881081636529,12269.620941356
8032.881081641185,12269.6209413562,6232.881081632804,12269.6209413562
8632.881081439089,14469.6209413577,8032.822687976178,14469.62094135664
8032.822687976178,14469.62094135664,8032.822687976178,14269.62094135761
8032.822687976178,14269.62094135761,8432.881081452944,14269.62094135754
5632.881081636529,14269.62094135755,5932.939475314459,14269.62094135763
5932.939475314459,14269.62094135763,5932.939475314459,14469.62094135664
5932.939475314459,14469.62094135664,5632.881081636762,14469.6209413577
5432.881081639789,14269.62094135675,3932.881081635715,14269.62094135745
5432.881081629894,14469.62094135632,4132.881081635831,14469.62094135693
2032.881081643398,9269.620941352478,2032.881081645493,9819.620941359159
2032.881081645493,9819.620941359159,1832.881081642234,9819.620941359159
1832.881081642234,9819.620941359159,1832.881081639672,9369.620941355985
1832.881081640138,11269.6209413555,1832.88108164235,10719.62094135916
1832.88108164235,10719.62094135916,2032.881081645493,10719.62094135916
2032.881081645493,10719.62094135916,2032.881081643398,11269.62094135597
3932.881081635715,14269.62094135745,3932.881081635832,14869.62094135491
4132.881081635831,14469.62094135693,4132.881081635831,15069.62094135518
532.882943102857,7169.620941355621,532.9741401837672,2270.358777932619
332.8810816574842,7269.61907990936,332.9778627966298,2070.371746554134
3132.881081640138,8069.620941342989,3132.881081640138,7319.620941342989
4132.881081635831,15069.62094135518,3932.881083190325,15069.62094135475
3932.881083190325,15069.62094135475,3932.881083190325,14869.62094135559
2032.881081639207,14869.62094135509,2432.881083190325,14869.62094135574
2432.881083190325,14869.62094135574,2432.881083190325,15069.62094135491
2432.881083190325,15069.62094135491,1832.881081641186,15069.62094135543
4432.881081643397,11369.62094135597,4432.881081643397,10869.62094135915
4332.881081643398,11269.62094135597,4332.881081640138,10769.62094145003
4432.881081643397,10669.62094135915,4432.881081643397,9169.620941353161
4332.881081640138,10769.6209413555,4332.881081638392,9269.620941353149
8432.88108171185,2869.620941127898,7682.881081559462,2869.620941126545
7682.881081559462,2869.620941126545,7682.881081559462,2669.620941127454
7682.881081559462,2669.620941127454,8432.881081714644,2669.620941127862
4432.881081456318,2669.62094112808,5282.881081550033,2669.620941127592
5282.881081550033,2669.620941127592,5282.881081550033,2869.620941126668
5282.881081550033,2869.620941126668,4432.881081462954,2869.620941128109
7682.881081551663,2669.62094112808,5282.881081551662,2669.620941128211
1832.881081639672,9369.620941355985,1832.881081634667,9169.620941354326
1832.881081634667,9169.620941354326,1932.881081640138,9169.620941354806
532.8810816396726,9169.62094135578,1132.731273561483,9169.620941354806
1132.731273561483,9169.620941354806,1132.731273561483,9369.620941355866
1132.731273561483,9369.620941355866,332.8810816396726,9369.620941355754
5432.881081634667,10869.62094135915,5432.881081636878,12169.6209413562
5632.881081640139,10669.62094135915,5632.881081640022,12069.62094135584
1832.881081640138,11269.6209413555,1832.881081641186,15069.62094135543
2032.881081639323,11369.62094135598,2032.881081639207,14869.62094135509
5432.881081629894,14469.62094135632,5432.881081636878,15069.62093957574
5632.881081636762,14469.6209413577,5632.881081636878,15069.62093957574
5432.881081636878,15069.62093957574,5632.881081636878,15069.62093957574
532.8810816396726,9169.62094135578,532.8810816395562,7269.62094135562
332.8810816396726,9369.620941355754,332.8810816401383,7269.620941354573
5432.881081636878,12169.6209413562,5432.881081639789,14269.62094135675
5632.881081636529,12269.620941356,5632.881081636529,14269.62094135755
19832.88108162815,11369.62094135597,22232.8810816292,11369.62094135598
19932.8810816434,11269.62094135597,22232.88108162815,11269.62094135597
18632.88108163362,10669.62094135279,18932.88108162628,10669.62094134796
18932.88108162628,10669.62094134796,18932.88108162617,10869.62094135464
18932.88108162617,10869.62094135464,18832.88108162803,10869.62094135279
19832.88108162803,10669.62094135279,19832.88108162815,10869.62094135279
19832.88108162803,9169.620941360656,20008.03797641757,9169.620941361543
20008.03797641757,9169.620941361543,20008.03797641757,9269.620941355766
20008.03797641757,9269.620941355766,19932.88108162803,9269.620941354267
21132.88108162896,9269.620941355155,20808.03797641757,9269.620941356363
20808.03797641757,9269.620941356363,20808.03797641757,9169.62094136131
20808.03797641757,9169.62094136131,21032.88108162955,9169.620941360306
20008.03797641676,9269.620941355475,20808.03797641676,9269.620941355242
21132.88108162628,7269.62094135562,23732.88108162815,7269.62094135562
21032.88108162629,7169.620941355621,23732.8810816285,7169.620941355621
20032.88108163292,8069.620941352798,20132.88108163583,8069.620941353626
20132.88108163583,8069.620941353626,20132.88108163583,8169.620941364264
20132.88108163583,8169.620941364264,20032.88108163921,8169.620941359157
21032.88108162629,8069.620941352798,21032.88108162955,8169.620941359157
21132.88108162954,9169.620941353916,21132.88108162896,8069.620941355504
21032.88108162955,9169.620941360306,21032.88108162955,8169.620941359157
20032.88108162896,8169.620941355503,20032.88108163921,8169.620941359157
19832.88108162896,8169.620941352128,19832.88108163234,8069.620941352129
20032.88108162896,8169.620941355503,19832.88108162896,8169.620941352128
15832.88108114153,12069.62094135584,16132.88108163583,12069.62094135443
16132.88108163583,12069.62094135443,16132.88108163583,12269.62094135627
16132.88108163583,12269.62094135627,15832.88108113361,12269.620941356
18632.88108163222,12269.620941356,18032.88108161662,12269.62094135627
18032.88108161662,12269.62094135627,18032.88108161674,12069.62094135443
18032.88108161674,12069.62094135443,18632.8810816335,12069.62094135584
16132.88108162791,12269.6209413562,18032.88108162,12269.6209413562
15833.11466945475,14269.6209413973,16133.11465631274,14269.62094139407
16133.11465631274,14269.62094139407,16133.11465631553,14469.62094139105
16133.11465631553,14469.62094139105,15833.11467312998,14469.62094139497
18632.88108163187,14469.62094135492,18233.1146563061,14469.620941361
18233.1146563061,14469.620941361,18233.11465630319,14269.62094136403
18233.11465630319,14269.62094136403,18632.88108163222,14269.62094135726
22432.88108162826,9369.620941356581,22432.88108163071,9719.620941187486
22432.88108163071,9719.620941187486,22232.88108162966,9719.620941187502
22232.88108162966,9719.620941187502,22232.88108162815,9269.620941359957
22232.88108162815,11269.62094135597,22232.88108162966,10619.6209411875
22232.88108162966,10619.6209411875,22432.88108163106,10619.62094118749
22432.88108163106,10619.62094118749,22432.88108162896,11269.6209413555
20132.88108162302,14469.62094135809,20132.88108162314,15069.62094135476
20332.88108163583,14269.62094135348,20332.88108163583,14869.62094135447
21132.88108162896,8069.620941342902,21132.88108162896,7319.620941342903
20332.88108163583,14869.62094135447,20332.88108163583,15069.62094135445
20332.88108163583,15069.62094135445,20132.88108162314,15069.62094135476
22432.88108162908,15069.62094135501,21832.88108163571,15069.62094135461
21832.88108163571,15069.62094135461,21832.88108163571,14869.62094135444
21832.88108163571,14869.62094135444,22232.88108162897,14869.62094135467
19932.8810816434,11269.62094135597,19932.88108162896,10769.62094145003
19832.88108162815,11369.62094135597,19832.88108162815,10869.62094135279
19932.88108162896,10769.6209413555,19932.88108162803,9269.620941354267
19832.88108162803,10669.62094135279,19832.88108162803,9169.620941360656
22332.88108162896,9169.620941354806,22632.88108162745,9169.62094135907
22632.88108162745,9169.62094135907,22632.88108162768,9369.620941353453
22632.88108162768,9369.620941353453,22432.88108162826,9369.620941356581
23732.88108162826,9169.620941356392,23732.88108161488,9369.620941356377
18632.88108163362,10669.62094135279,18632.8810816335,12069.62094135584
18832.88108162803,10869.62094135279,18832.88108163222,12169.6209413562
22232.8810816292,11369.62094135598,22232.88108162897,14869.62094135467
22432.88108162896,11269.6209413555,22432.88108162908,15069.62094135501
18632.88108163187,14469.62094135492,18632.88108163222,15069.62094152477
18832.88108163781,14469.6209413575,18832.88108163222,15069.62094152477
18632.88108163222,15069.62094152477,18832.88108163222,15069.62094152477
18632.88108163222,12269.620941356,18632.88108163222,14269.62094135726
18832.88108163222,12169.6209413562,18832.88108163245,14269.62094135278
4432.881081456318,2669.62094112808,4432.881081401021,1069.620941483976
4232.881081454572,2669.620941127629,4232.881081399392,1069.620941496643
2632.974416745827,2270.222600471832,2632.961447465467,2070.222600892339
332.9778627966298,2070.371746554134,933.1953086641151,2070.332824615005
933.1953086641151,2070.332824615005,933.208277944359,2270.332824191173
933.208277944359,2270.332824191173,532.9741401837672,2270.358777932619
2833.026203726419,2669.620941127723,2832.96172860614,2070.205641794361
2633.047715244582,2869.620941127971,2632.961729763076,2070.227154467204
2832.96172860614,2070.205641794361,2632.961729763076,2070.227154467204
4732.881081635133,269.6209414815894,3932.881081641652,269.6209415117046
4632.881081641069,369.6209414890836,4032.881081644562,369.6209415116755
4732.881081635016,1069.620941472683,4732.881081635133,269.6209414815894
4632.881081641069,869.6209414859914,4632.881081641069,369.6209414890836
4032.881081644562,869.6209414946352,4032.881081644562,369.6209415116755
3932.881081641652,1069.620941507943,3932.881081641652,269.6209415117046
4632.881081641069,869.6209414859914,4332.881081390078,869.620941495552
4732.881081635016,1069.620941472683,4432.881081401021,1069.620941483976
4332.881081390078,869.620941495552,4032.881081644562,869.6209414946352
4232.881081399392,1069.620941496643,3932.881081641652,1069.620941507943
18832.88108163781,14469.6209413575,20132.88108162302,14469.62094135809
18832.88108163245,14269.62094135278,20332.88108163583,14269.62094135348
31832.64782461384,14469.62094134498,31432.82268846256,14469.62094134396
31432.82268846256,14469.62094134396,31432.82268846256,14269.62094134728
31432.82268846256,14269.62094134728,31832.64782831399,14269.62094134482
29032.88108162268,14269.62094134484,29332.9394757913,14269.6209413473
29332.9394757913,14269.6209413473,29332.9394757913,14469.62094134396
29332.9394757913,14469.62094134396,29032.88108162501,14469.62094134498
39232.88141631126,12069.62094134566,39532.88108211267,12069.62094134447
39532.88108211267,12069.62094134447,39532.88108211255,12269.62094134111
39532.88108211255,12269.62094134111,39232.88141631405,12269.62094134328
42032.88108211779,12269.62094134328,41432.88108160719,12269.62094134111
41432.88108160719,12269.62094134111,41432.88108160731,12069.62094134447
41432.88108160731,12069.62094134447,42032.88108161639,12069.62094134566
39532.88108211406,12269.62094134456,41432.88108160835,12269.62094134456
39232.88141631184,14269.62094134307,39533.11465680285,14269.62094134409
39533.11465680285,14269.62094134409,39533.11465680273,14469.62094134118
39533.11465680273,14469.62094134118,39032.88141631463,14469.62094134081
42032.88108161837,14469.62094134233,41633.11465679318,14469.62094134224
41633.11465679318,14469.62094134224,41633.11465679318,14269.62094134515
41633.11465679318,14269.62094134515,42032.88108211779,14269.62094134449
42032.88108211779,12269.62094134328,42032.88108211779,14269.62094134449
42232.88108211813,12169.62094134456,42232.88108211779,14269.62094135568
47732.88108162023,7169.620941355621,47732.88108161965,2869.620941338413
47532.88108162058,7269.62094135715,47532.88108161988,2769.620941336951
47732.88108162057,9169.620941358036,47732.88108162046,7269.62094135562
47532.88108162058,9369.620941352916,47532.88108162058,7269.620941357134
67032.8810816129,11369.62094135597,69432.88108160894,11369.62094135598
67132.8810816129,11269.62094135597,69432.88108160906,11269.62094135597
65832.8810816101,10669.62094135279,66132.8810816072,10669.62094135188
66132.8810816072,10669.62094135188,66132.8810816073,10869.62094136305
66132.8810816073,10869.62094136305,66032.88108161546,10869.62094135915
67032.88108160766,10669.62094135279,67032.8810816129,10869.62094135915
67032.88108160766,9169.620941359637,67208.0379763986,9169.620941362316
67208.0379763986,9169.620941362316,67208.03797639848,9269.620941359492
67208.03797639848,9269.620941359492,67132.88108160766,9269.620941359593
68332.88108160847,9269.620941355155,68008.03797637938,9269.620941356538
68008.03797637938,9269.620941356538,68008.0379763795,9169.620941362082
68008.0379763795,9169.620941362082,68232.88108161045,9169.62094135929
67208.03797639604,9269.620941355475,68008.03797639604,9269.620941355242
68332.8810816072,7269.62094135562,70932.88108160906,7269.62094135562
68232.8810816072,7169.620941355621,70932.87922014669,7169.620941355621
67232.88108161278,8069.620941352798,67332.88108161674,8069.620941350295
67332.88108161674,8069.620941350295,67332.88108161674,8169.620941350805
67332.88108161674,8169.620941350805,67232.8810816392,8169.620941352798
68232.8810816072,8069.620941352798,68232.88108161045,8169.620941352798
68332.88108161045,9169.6209413529,68332.88108160847,8069.620941355504
68232.88108161045,9169.62094135929,68232.88108161045,8169.620941352798
67232.88108160847,8169.620941355503,67232.8810816392,8169.620941352798
67032.88108160847,8169.620941352128,67032.88108161185,8069.620941352129
67232.88108160847,8169.620941355503,67032.88108160847,8169.620941352128
63032.88108157389,12069.62094135584,63332.88108160707,12069.62094135638
63332.88108160707,12069.62094135638,63332.88108160719,12269.62094135524
63332.88108160719,12269.62094135524,63032.8810815746,12269.62094135598
65832.88108161185,12269.620941356,65232.88108161674,12269.62094135525
65232.88108161674,12269.62094135525,65232.88108161674,12069.62094135638
65232.88108161674,12069.62094135638,65832.88108160999,12069.62094135584
63332.88108160766,12269.6209413562,65232.88108161604,12269.6209413562
63032.88108157285,14269.62094135754,63332.93947527639,14269.62094135819
63332.93947527639,14269.62094135819,63332.93947527628,14469.62094135911
63332.93947527628,14469.62094135911,62832.88108157274,14469.6209413577
65832.88108161371,14469.6209413577,65432.822687938,14469.62094135911
65432.822687938,14469.62094135911,65432.82268793811,14269.62094135821
65432.82268793811,14269.62094135821,65832.88108161185,14269.62094135755
66032.88108162058,14469.62094135614,67332.88108161045,14469.62094135675
66032.88108160836,14269.6209413515,67532.88108161045,14269.6209413522
69632.88108160929,9369.620941359433,69632.88108160964,9819.620941359159
69632.88108160964,9819.620941359159,69432.88108161034,9819.620941359142
69432.88108161034,9819.620941359142,69432.88108160906,9269.62094135258
69432.88108160906,11269.62094135597,69432.88108161034,10719.62094134961
69432.88108161034,10719.62094134961,69632.88108160906,10719.62094134962
69632.88108160906,10719.62094134962,69632.88108160847,11269.6209413555
67332.88108161045,14469.62094135675,67332.88108161034,15069.62094135636
67532.88108161045,14269.6209413522,67532.88108161034,14869.62094135243
71132.88108159113,7269.61907990936,71132.78430045,2070.371746551515
70932.87922014669,7169.620941355621,70932.78802306578,2270.35877793347
68332.88108160847,8069.620941342874,68332.88108160847,7319.620941342873
67532.88108161034,14869.62094135243,67532.88108006225,15069.620941356
67532.88108006225,15069.620941356,67332.88108161034,15069.62094135636
69632.88108160684,15069.62094135659,69032.8810800527,15069.62094135614
69032.8810800527,15069.62094135614,69032.88108005282,14869.62094135204
69032.88108005282,14869.62094135204,69432.8810816087,14869.62094135264
67132.8810816129,11269.62094135597,67132.88108160847,10769.62094145003
67032.8810816129,11369.62094135597,67032.8810816129,10869.62094135915
67132.88108160847,10769.6209413555,67132.88108160766,9269.620941359593
67032.88108160766,10669.62094135279,67032.88108160766,9169.620941359637
63032.88108130218,2669.620941128451,63782.88108169299,2669.62094112773
63782.88108169299,2669.62094112773,63782.88108169311,2869.620941127418
63782.88108169311,2869.620941127418,63032.88108130824,2869.620941128451
67032.88108178484,2869.620941128662,66182.88108169299,2869.620941127556
66182.88108169299,2869.620941127556,66182.8810816931,2669.620941127869
66182.8810816931,2669.620941127869,67032.88108179264,2669.620941128676
63782.8810816973,2669.62094112808,66182.88108169728,2669.620941128211
69532.88108160847,9169.620941354806,69832.88108160836,9169.620941353394
69832.88108160836,9169.620941353394,69832.88108160858,9369.620941361078
69832.88108160858,9369.620941361078,69632.88108160929,9369.620941359433
71132.88108160533,9369.620941359199,70533.03088968154,9369.620941360976
70533.03088968154,9369.620941360976,70533.03088968154,9169.62094135306
70533.03088968154,9169.62094135306,70932.88108160929,9169.620941354153
65832.8810816101,10669.62094135279,65832.88108160999,12069.62094135584
66032.88108161546,10869.62094135915,66032.88108161173,12169.6209413562
69432.88108160894,11369.62094135598,69432.8810816087,14869.62094135264
69632.88108160847,11269.6209413555,69632.88108160684,15069.62094135659
65832.88108161371,14469.6209413577,65832.88108161173,15069.62093957574
66032.88108162058,14469.62094135614,66032.88108161173,15069.62093957574
65832.88108161173,15069.62093957574,66032.88108161173,15069.62093957574
71132.88108160533,9369.620941359199,71132.88108160847,7269.620941354573
70932.88108160929,9169.620941354153,70932.88108160906,7269.62094135562
65832.88108161185,12269.620941356,65832.88108161185,14269.62094135755
66032.88108161173,12169.6209413562,66032.88108160836,14269.6209413515
51532.88108161289,11269.62094135597,49232.88108162058,11269.62094135597
51632.8810816129,11369.62094135597,49232.88108161907,11369.62094135598
52632.88108161662,10869.62094135279,52532.88108162628,10869.62094135591
52532.88108162628,10869.62094135591,52532.88108162628,10669.6209413601
52532.88108162628,10669.6209413601,52832.8810816165,10669.62094135915
51632.8810816129,10869.62094135279,51632.88108161801,10669.62094135915
51532.88108161802,9269.620941354151,51457.7241868173,9269.620941354093
51457.7241868173,9269.620941354093,51457.72418681718,9169.620941355912
51457.72418681718,9169.620941355912,51632.88108161801,9169.620941360554
50432.88108161673,9169.620941360205,50657.72418683616,9169.620941355679
50657.72418683616,9169.620941355679,50657.72418683628,9269.620941354777
50657.72418683628,9269.620941354777,50332.88108161965,9269.620941355155
51457.72418683185,9269.620941355475,50657.72418683185,9269.620941355242
50432.88108161673,7169.620941355621,47732.88108162023,7169.620941355621
50332.88108161674,7269.62094135562,47732.88108162046,7269.62094135562
51432.88108163257,8169.620941352798,51332.88108163583,8169.620941356638
51332.88108163583,8169.620941356638,51332.88108163594,8069.620941361485
51332.88108163594,8069.620941361485,51432.8810816172,8069.620941359158
50432.88108161673,8169.620941352798,50432.88108161673,8069.620941359158
50432.88108161673,9169.620941360205,50432.88108161673,8169.620941352798
50332.88108162314,9169.620941353818,50332.88108161965,8069.620941355504
51632.88108161965,8169.620941355503,51632.88108161627,8069.620941355504
51432.88108161964,8169.62094135888,51432.88108163257,8169.620941352798
51632.88108161965,8169.620941355503,51432.88108161964,8169.62094135888
55632.88108188484,12269.62094135598,55332.8810816264,12269.62094135627
55332.8810816264,12269.62094135627,55332.8810816264,12069.62094135592
55332.8810816264,12069.62094135592,55632.88108187518,12069.62094135585
52832.8810816165,12069.62094135584,53432.88108162628,12069.62094135592
53432.88108162628,12069.62094135592,53432.88108162628,12269.62094135627
53432.88108162628,12269.62094135627,52832.88108161603,12269.620941356
55332.88108162023,12269.6209413562,53432.88108162885,12269.6209413562
55632.6474898844,14469.62094135301,55332.64750694576,14469.62094135185
55332.64750694576,14469.62094135185,55332.64750694565,14269.62094135317
55332.64750694565,14269.62094135317,55632.64749357302,14269.62094135267
52832.88108161592,14269.62094135406,53232.6475069361,14269.62094135422
53232.6475069361,14269.62094135422,53232.64750693621,14469.62094135293
53232.64750693621,14469.62094135293,52832.88108162163,14469.62094135444
49232.88108162058,9269.620941353496,49232.88108162046,9719.620941187486
49232.88108162046,9719.620941187486,49032.88108161731,9719.620941187486
49032.88108161731,9719.620941187486,49032.88108161674,9369.620941353147
49032.88108161965,11269.6209413555,49032.88108161883,10619.62094118749
49032.88108161883,10619.62094118749,49232.88108162046,10619.6209411875
49232.88108162046,10619.6209411875,49232.88108162058,11269.62094135597
51132.88108162314,14269.62094135873,51132.88108162314,14869.62094135693
51332.88108162314,14469.62094135319,51332.88108162314,15069.62094135358
50332.88108161965,8069.620941342874,50332.88108161965,7319.620941342873
51332.88108162314,15069.62094135358,51132.88108160719,15069.62094135262
51132.88108160719,15069.62094135262,51132.88108160707,14869.62094135821
49232.88108161894,14869.62094135715,49632.88108161673,14869.62094135837
49632.88108161673,14869.62094135837,49632.88108161673,15069.62094135278
49632.88108161673,15069.62094135278,49032.88108162093,15069.62094135383
51632.8810816129,11369.62094135597,51632.8810816129,10869.62094135279
51532.88108161289,11269.62094135597,51532.88108161965,10769.62094145003
51632.88108161801,10669.62094135915,51632.88108161801,9169.620941360554
51532.88108161965,10769.6209413555,51532.88108161802,9269.620941354151
49032.88108161674,9369.620941353147,48832.88108161557,9369.620941354442
48832.88108161557,9369.620941354442,48832.88108161557,9169.620941356043
48832.88108161557,9169.620941356043,49132.88108161965,9169.620941354806
47732.88108162057,9169.620941358036,47732.88108161546,9369.620941354267
47732.88108161546,9369.620941354267,47532.88108162058,9369.620941352916
52632.88108161662,10869.62094135279,52632.88108161638,12169.6209413562
52832.8810816165,10669.62094135915,52832.8810816165,12069.62094135584
49032.88108161965,11269.6209413555,49032.88108162093,15069.62094135383
49232.88108161907,11369.62094135598,49232.88108161894,14869.62094135715
52632.88108161569,14469.62094135256,52632.88108161638,15069.62094152477
52832.88108162163,14469.62094135444,52832.88108161639,15069.62094152477
52632.88108161638,15069.62094152477,52832.88108161639,15069.62094152477
52632.88108161638,12169.6209413562,52632.88108161581,14269.62094135803
52832.88108161603,12269.620941356,52832.88108161592,14269.62094135406
67232.88108179008,2670.129178347546,67232.88108184536,1069.620941500099
67032.88108179264,2669.620941128676,67032.88108184782,1069.620941487439
68832.80071578315,2070.222600892339,68832.78774650279,2270.222600471832
70932.78802306578,2270.35877793347,70532.55388530588,2270.332824190788
70532.55388530588,2270.332824190788,70532.56685458634,2070.332824612219
70532.56685458634,2070.332824612219,71132.78430045,2070.371746551515
67232.88108178612,2870.129178691503,68832.75081226602,2870.222211631648
67232.88108179008,2670.129178347546,68632.76321800961,2670.210581944659
68832.75081226602,2870.222211631648,68832.80043387169,2070.222600835055
68632.76321800961,2670.210581944659,68632.80043425632,2070.210195426509
68832.80043387169,2070.222600835055,68632.80043425632,2070.210195426509
66832.88108161045,369.6209414925397,67432.88108162058,369.6209415151316
66732.8810816165,269.6209414850528,67532.88108161069,269.6209415151679
66832.88108161034,869.6209414894546,66832.88108161045,369.6209414925397
66732.88108161662,1069.620941476132,66732.8810816165,269.6209414850528
67532.88108161069,1069.620941511391,67532.88108161069,269.6209415151679
67432.88108162046,869.6209414980985,67432.88108162058,369.6209415151316
66732.88108161662,1069.620941476132,67032.88108184782,1069.620941487439
66832.88108161034,869.6209414894546,67132.88108185853,869.620941495552
67232.88108184536,1069.620941500099,67532.88108161069,1069.620941511391
67132.88108185853,869.620941495552,67432.88108162046,869.6209414980985
52632.88108161581,14269.62094135803,51132.88108162314,14269.62094135873
52632.88108161569,14469.62094135256,51332.88108162314,14469.62094135319
35432.88108161755,1669.620941582492,35432.88108161744,5969.620941371438
35632.88108161651,1669.620941657136,35632.88108161639,5969.620941371759
39032.88108160952,2769.620941130416,39032.88108160882,6669.620941374393
39232.88108160894,2869.620941336667,39232.88108160952,6769.620941358124
33733.07527329377,8669.62094136978,33733.0752732954,8519.620941368688
33733.0752732954,8519.620941368688,33933.07527328841,8519.620941368688
33933.07527328841,8519.620941368688,33933.07527329004,8669.620941379195
33933.07527328993,6869.620941374612,33933.07527328841,7319.620941368689
33933.07527328841,7319.620941368689,33733.0752732954,7319.620941368689
33733.0752732954,7319.620941368689,33733.07527329389,6869.620941374596
37133.07527328772,8669.620941367684,37133.0752732869,8519.620941368616
37133.0752732869,8519.620941368616,37333.07527328912,8519.620941369067
37333.07527328912,8519.620941369067,37333.07527328749,8669.620941372195
37333.07527329167,6869.620941372748,37333.07527329179,7319.620941369066
37333.07527329179,7319.620941369066,37133.0752732897,7319.620941368601
37133.0752732897,7319.620941368601,37133.07527329179,6869.620941374726
35632.88108133874,6769.620941372327,35832.88108133071,6769.620941368703
35832.88108133071,6769.620941368703,35832.88108133059,6869.620941372691
35832.88108133059,6869.620941372691,35632.88108133874,6869.620941372327
37133.07527329179,6869.620941374726,37032.88108133059,6869.620941374612
37032.88108133059,6869.620941374612,37032.88108133059,6769.620941366811
37032.88108133059,6769.620941366811,37133.07527329598,6769.620941369969
35832.88108133432,6869.620941372296,37032.88108133432,6869.620941372123
35832.88108133432,6769.620941372297,37032.88108133432,6769.620941372122
36832.88141631638,12929.20755398377,36832.88141631591,11929.20755398377
39232.88141630544,16269.6209413739,39232.88141631091,15669.62094073961
39032.88141630905,16069.62094137905,39032.88141631091,15669.62094073945
39232.88141631091,15669.62094073961,39032.88141631091,15669.62094073945
36632.88141631498,11169.62094137091,36632.88141631265,10529.20755399074
36632.88141631265,10529.20755399074,36832.88141631277,10529.20755399065
36832.88141631277,10529.20755399065,36832.88141631382,11069.62094137176
36832.881416313,8869.620941371599,36832.8814163123,9529.20755398112
36832.8814163123,9529.20755398112,36632.88141631161,9529.207553981207
36632.88141631161,9529.207553981207,36632.88141631253,8869.620941371642
36832.88141631475,10529.20755398624,36832.88141631428,9529.207553986244
39032.88141631428,11069.62094137004,36832.88141631382,11069.62094137176
39032.88141631591,11269.62094137387,36832.88141631603,11269.6209413756
34532.88141648448,16069.62094137347,34532.88141648448,15969.62094137435
34532.88141648448,15969.62094137435,34732.88141648483,15969.62094137433
34732.88141648483,15969.62094137433,34732.88141648448,16069.62094137417
34732.8814164839,8869.620941370798,34732.88141648413,9069.620941364788
34732.88141648413,9069.620941364788,34532.88141648413,9069.620941364818
34532.88141648413,9069.620941364818,34532.88141648413,8869.620941373389
34532.88141648448,14969.62094136482,34532.88141648413,10069.62094137435
34532.88141648413,10069.62094137435,34732.88141648437,10069.62094137433
34732.88141648437,10069.62094137433,34732.88141648471,14969.6209413648
34732.88141648471,14969.6209413648,34532.88141648448,14969.62094136482
36632.88141631719,16069.62094137416,36632.88141631754,15469.62094075675
36632.88141631754,15469.62094075675,36832.88141631684,15469.62094075665
36832.88141631684,15469.62094075665,36832.88141631719,16269.6209413719
36832.88141631579,13669.62094137116,36832.88141631638,14469.62094074712
36832.88141631638,14469.62094074712,36632.88141631696,14469.6209407472
36632.88141631696,14469.6209407472,36632.88141631568,13569.62094137029
32032.8814168009,16069.62094137347,32032.88141673559,14769.62094579023
31832.88141681289,16269.62094137343,31832.88141673559,14769.62094579544
36632.88141631661,13569.62094137021,36632.88141631673,12929.20755398121
36632.88141631673,12929.20755398121,36832.88141631498,12929.20755398113
36832.88141631498,12929.20755398113,36832.88141631708,13469.62094136771
36832.88141631603,11269.6209413756,36832.8814163144,11929.20755399066
36832.8814163144,11929.20755399066,36632.88141631626,11929.20755399075
36632.88141631626,11929.20755399075,36632.88141631568,11169.62094137097
39032.88141630905,16069.62094137905,38632.88141454244,16069.62094137256
39232.88141630544,16269.6209413739,38632.88141454244,16269.62094137256
38632.88141454244,16069.62094137256,38632.88141454244,16269.62094137256
34632.88141648402,16269.62094137256,33982.88141669019,16269.6209413728
33982.88141669019,16269.6209413728,33982.8814166903,16069.62094137563
33982.8814166903,16069.62094137563,34532.88141648448,16069.62094137347
32032.8814168009,16069.62094137347,32682.88141669019,16069.62094137563
32682.88141669019,16069.62094137563,32682.88141669019,16269.62094137321
32682.88141669019,16269.62094137321,31832.88141681289,16269.62094137343
35632.88108133874,6769.620941372327,35633.07527329598,6769.620941314627
35632.88108133874,6869.620941372327,35533.07527329657,6869.620941372327
35332.88108134072,6869.620941372341,34132.88108134072,6869.620941372429
35332.88108134072,6769.620941372341,34132.88108134072,6769.620941372429
31832.88108134223,6769.620941372676,31832.88108134247,6969.62094137221
32032.88108133664,6869.620941374698,32032.88108134247,6969.620941371977
31832.88108134247,6969.62094137221,32032.88108134247,6969.620941371977
39232.88141630858,8769.62094137256,39232.88141630858,8569.620941372617
39032.88141627773,8669.620941372457,39032.88141630858,8569.620941372617
39232.88141630858,8569.620941372617,39032.88141630858,8569.620941372617
39032.8810813101,6869.62094137253,39032.88108133502,6969.620941371977
39232.88108133525,6769.620941372676,39232.88108133501,6969.62094137221
39032.88108133502,6969.620941371977,39232.88108133501,6969.62094137221
32032.88141650462,8669.62094136978,32032.88141649263,8569.620941372617
31832.88141649263,8769.62094137256,31832.88141649263,8569.620941372617
32032.88141649263,8569.620941372617,31832.88141649263,8569.620941372617
39032.88141631638,13469.62094136761,36832.88141631708,13469.62094136771
39032.8814163158,13669.62094137104,36832.88141631579,13669.62094137116
39032.88141627773,8669.620941372457,37333.07527328749,8669.620941372195
39032.88141631766,8869.620941372224,37232.68722444773,8869.620941372268
33733.07527329377,8669.62094136978,32032.88141650462,8669.62094136978
33832.68722445134,8869.62094137256,32032.88141648751,8869.620941372237
35433.07527329598,6169.620941373083,35433.0752732961,6769.620941374523
35633.07527329598,6169.620941373083,35633.07527329598,6769.620941314627
37133.07527329598,6169.620941372937,37133.07527329598,6769.620941369969
37333.07527329598,5969.620941371599,37333.07527329587,6669.620941374581
33733.0752732961,5969.620941371613,33733.07527329598,6669.620941370813
33933.0752732961,6169.620941373228,33933.0752732961,6769.620941374625
37333.07527329587,6669.620941374581,38032.88108133071,6669.620941373054
38032.88108133071,6669.620941373054,38032.88108133059,6869.620941374073
38032.88108133059,6869.620941374073,37333.07527329167,6869.620941372748
39032.8810813101,6869.62094137253,38932.88108133059,6869.620941373942
38932.88108133059,6869.620941373942,38932.88108133071,6669.620941372952
38932.88108133071,6669.620941372952,39032.88108160882,6669.620941374393
36632.88141631253,8869.620941371642,36232.88141640183,8869.62094136911
36232.88141640183,8869.62094136911,36232.88141640194,8669.62094136991
36232.88141640194,8669.62094136991,36732.88141631405,8669.62094137221
34632.88141648309,8669.620941371279,35032.88141640183,8669.620941369387
35032.88141640183,8669.620941369387,35032.88141640183,8869.620941368587
35032.88141640183,8869.620941368587,34732.8814164839,8869.620941370798
39232.88141631312,11169.62094137087,39232.88141631685,8769.62094137256
39032.88141631428,11069.62094137004,39032.88141631766,8869.620941372224
37333.07527329598,5969.620941371599,35632.88108161639,5969.620941371759
37133.07527329598,6169.620941372937,35633.07527329598,6169.620941373083
39232.88141631475,13569.62094137011,39232.88141631405,12269.62094134328
39032.88141631638,13469.62094136761,39032.88141631382,12169.62094135883
36832.88141631719,16269.6209413719,36182.88141640404,16269.62094137085
36182.88141640404,16269.62094137085,36182.88141640416,16069.62094137337
36182.88141640416,16069.62094137337,36632.88141631719,16069.62094137416
34732.88141648448,16069.62094137417,34882.88141640416,16069.62094137337
34882.88141640416,16069.62094137337,34882.88141640404,16269.62094137123
34882.88141640404,16269.62094137123,34632.88141648402,16269.62094137256
35432.88108161744,5969.620941371438,33733.0752732961,5969.620941371613
35433.07527329598,6169.620941373083,33933.0752732961,6169.620941373228
35533.07527329657,6869.620941372327,35332.88108134968,6869.620941371497
35332.88108134968,6869.620941371497,35332.88108134968,6769.6209413771
35332.88108134968,6769.6209413771,35433.0752732961,6769.620941374523
33933.0752732961,6769.620941374625,34132.88108134968,6769.620941377187
34132.88108134968,6769.620941377187,34132.8810813498,6869.620941373199
34132.8810813498,6869.620941373199,33933.07527328993,6869.620941374612
32032.64781907317,14769.62094763835,32032.64782646566,14369.62094318522
31832.64781907317,14769.62094394211,31832.64782461384,14469.62094134498
32032.88141667983,13569.62094137011,32032.88141662255,12169.62094134456
31832.88141667983,13569.6209413742,31832.88141662767,12269.62094136109
34632.88141648355,8669.62094137256,33933.07527329004,8669.620941379195
34532.88141648413,8869.620941373389,33832.68722445134,8869.62094137256
37133.07527328772,8669.620941367684,36732.88141631405,8669.620941372152
37232.68722444773,8869.620941372268,36832.881416313,8869.620941371599
33733.07527329389,6869.620941374596,33032.88108134025,6869.620941378075
33032.88108134025,6869.620941378075,33032.88108134014,6669.620941370144
33032.88108134014,6669.620941370144,33733.07527329598,6669.620941370813
32032.88108162233,6669.620941370915,32132.88108134025,6669.620941370202
32132.88108134025,6669.620941370202,32132.88108134025,6869.620941378133
32132.88108134025,6869.620941378133,32032.88108133664,6869.620941374698
12032.88108163746,1669.620941602457,12032.88108163758,5969.620941378336
12232.88108163827,1669.620941689405,12232.88108163816,5969.620941378656
15632.88108162628,1069.62094149462,15632.88108162931,2769.6209413365
15832.88108162745,1069.620941506684,15832.8810816278,2669.62094133666
11232.87025307421,1069.620941614688,11232.87949985778,1469.620941276582
11432.86562973808,869.6209416139828,11432.87949991319,1469.620941375193
12832.8965334869,869.6209416235578,12832.88266348792,1469.620941926631
13032.89191020315,1069.620941619614,13032.88266373088,1469.612558468332
11332.88410065591,1669.620941329136,12032.88108163746,1669.620941602457
11432.87949991319,1469.620941375193,12132.88108167762,1469.620941647532
8932.665706114494,1069.651742593989,8932.665715632844,1069.620941690657
8832.665710857951,1069.620941694331,8832.665710826404,1069.620941508547
8932.665706114494,1069.651742593989,8832.665710857951,1069.620941694331
8932.88108182419,869.6209416911006,8932.665715632844,1069.620941690657
10732.88586048048,1069.620941636334,10732.88108182931,869.6209416387429
10732.88108182931,869.6209416387429,10832.88347117987,869.6209416325872
15332.88108141615,1069.620941511653,15332.88108144374,869.6209415106714
13432.8980500981,869.6209415956836,13532.8914593698,869.6209415906924
13532.8914593698,869.6209415906924,13532.89145937876,1069.620941592366
12232.88108163827,1669.620941689405,12932.88035180198,1669.620941965928
12132.88108167762,1469.620941647532,12832.88266348792,1469.620941926631
10333.07527331297,8669.620941375237,10333.07527331542,8519.620941368688
10333.07527331542,8519.620941368688,10533.07527331333,8519.620941368688
10533.07527331333,8519.620941368688,10533.07527331309,8669.620941378409
10533.07527331274,6869.620941376226,10533.07527331309,7319.62094137822
10533.07527331309,7319.62094137822,10333.07527331542,7319.620941378234
10333.07527331542,7319.620941378234,10333.07527331297,6869.620941380039
13733.07527330843,8669.620941379195,13733.07527331041,8519.620941373913
13733.07527331041,8519.620941373913,13933.07527330843,8519.620941374347
13933.07527330843,8519.620941374347,13933.07527330843,8669.620941377827
13933.07527331239,6869.620941375615,13933.075273311,7319.62094138388
13933.075273311,7319.62094138388,13733.07527331298,7319.620941383458
13733.07527331298,7319.620941383458,13733.07527331239,6869.620941378133
12232.88108135958,6769.620941377564,12432.88108134968,6769.6209413787
12432.88108134968,6769.6209413787,12432.8810813498,6869.620941373781
12432.8810813498,6869.620941373781,12232.88108135958,6869.620941377565
13733.07527331239,6869.620941378133,13632.88108134968,6869.620941374233
13632.88108134968,6869.620941374233,13632.8810813498,6769.620941379166
13632.8810813498,6769.620941379166,13733.07527331786,6769.620941378147
12432.88108135515,6869.620941377537,13632.88108135515,6869.620941377362
12432.88108135515,6769.620941377536,13632.88108135515,6769.620941377361
10832.88108144386,12929.20755398897,10832.88108144432,11929.20755398898
8632.881081442929,16069.62094137905,8632.881081449334,15669.62094074485
8432.881081461557,16269.6209413739,8432.881081449334,15669.62094074501
8632.881081449334,15669.62094074485,8432.881081449334,15669.62094074501
10832.88108144514,11069.62094137737,10832.88108144502,10529.20755399609
10832.88108144502,10529.20755399609,11032.88108144758,10529.20755399618
11032.88108144758,10529.20755399618,11032.88108144526,11169.62094137611
11032.88108144619,8869.620941377507,11032.88108144793,9529.207553986635
11032.88108144793,9529.207553986635,10832.88108144549,9529.207553986562
10832.88108144549,9529.207553986562,10832.88108144595,8869.62094138231
10832.88108144549,10529.20755399142,10832.88108144595,9529.207553991422
8632.88108145073,11269.62094137633,10832.88108144549,11269.62094137804
8632.88108144852,11069.62094137566,10832.88108144514,11069.62094137737
12932.88108127645,16069.6209413778,12932.88108127611,15969.62094138052
12932.88108127611,15969.62094138052,13132.88108127622,15969.62094138056
13132.88108127622,15969.62094138056,13132.88108127645,16069.62094137912
13132.88108127669,8869.620941373389,13132.88108127657,8969.620941380546
13132.88108127657,8969.620941380546,12932.88108127645,8969.620941380534
12932.88108127645,8969.620941380534,12932.88108127669,8869.62094137668
12932.88108127622,14969.62094137099,12932.88108127645,9969.620941380519
12932.88108127645,9969.620941380519,13132.88108127657,9969.620941380548
13132.88108127657,9969.620941380548,13132.88108127634,14969.62094137102
13132.88108127634,14969.62094137102,12932.88108127622,14969.62094137099
10832.88108144176,16269.62094137916,10832.8810814427,15469.62094075538
10832.8810814427,15469.62094075538,11032.88108144211,15469.62094075547
11032.88108144211,15469.62094075547,11032.88108144176,16069.6209413778
11032.88108144456,13569.62094137547,11032.88108144328,14469.62094075547
11032.88108144328,14469.62094075547,10832.88108144339,14469.62094075538
10832.88108144339,14469.62094075538,10832.88108144339,13669.62094137528
15832.88108094362,16269.62094137625,15832.88108102465,14769.62094579547
15632.88108096097,16069.62094137913,15632.88108102465,14769.62094579026
10832.88108144468,13469.62094137502,10832.88108144468,12929.20755399609
10832.88108144468,12929.20755399609,11032.88108144176,12929.20755399618
11032.88108144176,12929.20755399618,11032.88108144363,13569.62094137541
11032.88108144456,11169.62094137617,11032.88108144211,11929.20755398665
11032.88108144211,11929.20755398665,10832.88108144491,11929.20755398656
10832.88108144491,11929.20755398656,10832.88108144549,11269.62094137804
8432.881081461557,16269.6209413739,9032.8810832178,16269.6209413778
8632.881081442929,16069.62094137905,9032.8810832178,16069.6209413778
9032.8810832178,16269.6209413778,9032.8810832178,16069.6209413778
13132.88108127645,16069.62094137912,13682.88108107319,16069.62094137928
13682.88108107319,16069.62094137928,13682.88108107308,16269.62094137567
13682.88108107308,16269.62094137567,13032.88108127622,16269.6209413778
15832.88108094362,16269.62094137625,14982.88108107319,16269.62094137494
14982.88108107319,16269.62094137494,14982.88108107319,16069.62094137929
14982.88108107319,16069.62094137929,15632.88108096097,16069.62094137913
12232.88108135958,6769.620941377564,12233.07527331775,6769.620941391069
12232.88108135958,6869.620941377565,12133.0752733174,6869.620941377565
11932.88108136144,6869.62094137758,10732.88108136144,6869.620941377667
11932.88108136144,6769.620941377579,10732.88108136144,6769.620941377667
8432.88108136307,6769.620941377914,8432.881081363303,6969.620941377448
8632.881081358411,6869.620941380141,8632.881081363303,6969.620941377216
8432.881081363303,6969.620941377448,8632.881081363303,6969.620941377216
8632.881081452942,8669.620941375484,8632.881081451662,8569.620941377856
8432.881081451662,8769.620941377798,8432.881081451662,8569.620941377856
8632.881081451662,8569.620941377856,8432.881081451662,8569.620941377856
15632.88108137017,6869.620941375412,15632.88108135585,6969.620941377216
15832.88108135608,6769.620941377914,15832.88108135585,6969.620941377448
15632.88108135585,6969.620941377216,15832.88108135585,6969.620941377448
15832.88108126761,8769.620941377798,15832.88108126761,8569.620941377856
15632.88108126423,8669.620941377812,15632.88108126761,8569.620941377856
15832.88108126761,8569.620941377856,15632.88108126761,8569.620941377856
8632.881081437576,13669.62094137518,10832.88108144339,13669.62094137528
8632.881081447005,13469.62094137492,10832.88108144468,13469.62094137502
8632.881081445026,8869.620941379253,10433.07527331251,8869.620941377507
8632.881081452942,8669.620941375484,10333.07527331297,8669.620941375237
13833.0752733089,8869.620941377798,15632.88108127343,8869.620941380272
13933.07527330843,8669.620941377827,15632.88108126423,8669.620941377812
12033.07527331787,6169.620941375498,12033.07527331775,6769.620941380622
12233.07527331787,6169.620941375484,12233.07527331775,6769.620941391069
13733.07527331786,6169.620941375338,13733.07527331786,6769.620941378147
13933.07527331775,5969.620941378496,13933.07527331775,6669.620941377448
10333.07527331786,5969.620941378511,10333.07527331775,6669.620941376256
10533.07527331786,6169.620941375644,10533.07527331775,6769.620941380722
13933.07527331775,6669.620941377448,14632.8810813498,6669.62094137787
14632.8810813498,6669.62094137787,14632.88108134968,6869.620941378395
14632.88108134968,6869.620941378395,13933.07527331239,6869.620941375615
15632.88108137017,6869.620941375412,15532.88108134968,6869.620941378278
15532.88108134968,6869.620941378278,15532.8810813498,6669.620941377769
15532.8810813498,6669.620941377769,15632.88108163047,6669.620941377245
10932.88108144619,8669.620941377449,11432.88108137098,8669.62094137579
11432.88108137098,8669.62094137579,11432.88108137098,8869.620941377842
11432.88108137098,8869.620941377842,11032.88108144619,8869.620941377507
12932.88108127669,8869.62094137668,12632.8810813711,8869.620941377303
12632.8810813711,8869.620941377303,12632.8810813711,8669.620941375251
12632.8810813711,8669.620941375251,13032.88108127715,8669.620941376517
8632.88108144852,11069.62094137566,8632.881081445026,8869.620941379253
8432.881081447122,11169.62094137627,8432.881081443396,8769.620941377958
13933.07527331775,5969.620941378496,12232.88108163816,5969.620941378656
13733.07527331786,6169.620941375338,12233.07527331787,6169.620941375484
8632.881081447005,13469.62094137492,8632.881081446423,12169.6209413562
8432.881081445492,13569.62094137528,8432.881081445144,12269.620941356
11032.88108144176,16069.6209413778,11482.88108135911,16069.6209413802
11482.88108135911,16069.6209413802,11482.88108135923,16269.62094138087
11482.88108135923,16269.62094138087,10832.88108144176,16269.62094137916
13032.88108127622,16269.6209413778,12782.88108135934,16269.62094138005
12782.88108135934,16269.62094138005,12782.88108135911,16069.6209413802
12782.88108135911,16069.6209413802,12932.88108127645,16069.6209413778
12032.88108163758,5969.620941378336,10333.07527331786,5969.620941378511
12033.07527331787,6169.620941375498,10533.07527331786,6169.620941375644
12133.0752733174,6869.620941377565,11932.8810813498,6869.620941374218
11932.8810813498,6869.620941374218,11932.88108134968,6769.620941378686
11932.88108134968,6769.620941378686,12033.07527331775,6769.620941380622
10533.07527331775,6769.620941380722,10732.88108136877,6769.620941378772
10732.88108136877,6769.620941378772,10732.88108136877,6869.620941373215
10732.88108136877,6869.620941373215,10533.07527331274,6869.620941376226
15833.11467868707,14769.62094394734,15833.11467312998,14469.62094139497
15633.11467868707,14769.62094764359,15633.11467129458,14369.62094324129
15832.88108108041,13569.62094137535,15832.88108113361,12269.620941356
15632.88108108041,13569.62094137126,15632.88108113769,12169.62094135211
8432.88108174305,1069.620941505622,8432.881081714644,2669.620941127862
8632.88108174305,1069.620941504123,8632.881081713014,2769.620941129812
13132.88108127669,8869.620941373389,13833.0752733089,8869.620941377798
13032.88108127669,8669.620941377798,13733.07527330843,8669.620941379195
10433.07527331251,8869.620941377507,10832.88108144595,8869.62094138231
10533.07527331309,8669.620941378409,10932.88108144619,8669.62094137739
10333.07527331297,6869.620941380039,9632.881081359228,6869.620941378117
9632.881081359228,6869.620941378117,9632.881081359228,6669.620941380024
9632.881081359228,6669.620941380024,10333.07527331775,6669.620941376256
8632.881081643629,6669.620941376357,8732.881081359228,6669.620941380069
8732.881081359228,6669.620941380069,8732.881081359228,6869.620941378162
8732.881081359228,6869.620941378162,8632.881081358411,6869.620941380141
8232.88108182908,369.6209414888581,8832.88108183292,369.6209415111953
8132.88108182291,269.6209414814148,8932.88108182419,269.6209415112026
8132.88108182291,1069.62094149911,8432.88108174305,1069.620941505622
8232.881081829197,869.6209414822879,8532.881081842002,869.6209415003831
8232.881081829197,869.6209414822879,8232.88108182908,369.6209414888581
8132.88108182291,1069.62094149911,8132.88108182291,269.6209414814148
8932.88108182419,869.6209416911006,8932.88108182419,269.6209415112026
8832.88108183269,869.6209415021076,8832.88108183292,369.6209415111953
8632.88108174305,1069.620941504123,8832.665710826404,1069.620941508547
8532.881081842002,869.6209415003831,8832.88108183269,869.6209415021076
59232.88108137994,1669.620941247209,59232.88108137983,5969.620940936555
59432.88108138053,1669.620941160261,59432.88108138077,5969.620940936191
55632.88108138682,2869.620941336601,55632.88108138729,6769.620940923894
55832.88108138728,2769.620940696186,55832.88108138682,6669.620940940863
60032.89653328212,869.6209411755553,60032.88266310713,1469.620940923465
60232.89190994587,1069.620941180466,60232.88266335637,1469.612558211971
58432.87025281042,1069.620941172528,58432.88412280927,1669.620941565605
58632.86562953924,869.6209411942982,58632.87949953821,1469.620941484441
60032.88266310713,1469.620940923465,59332.88108134002,1469.620941208064
60132.87806236173,1669.620940889668,59432.88108138053,1669.620941160261
62633.06565125554,1069.620941253466,62532.86264821724,1069.620941247114
62532.86264821724,1069.620941247114,62532.86264822329,869.6209412447206
60632.87030914495,869.6209411936289,60732.86264823284,869.6209411930176
60732.86264823284,869.6209411930176,60732.86264822678,1069.620941193337
59332.88108134002,1469.620941208064,58632.87949953821,1469.620941484441
59232.88108137994,1669.620941247209,58432.88412280927,1669.620941565605
60932.68688970315,8669.620940945824,60932.68688970001,8519.620940939538
60932.68688970001,8519.620940939538,61132.68688970536,8519.620940939538
61132.68688970536,8519.620940939538,61132.68688970327,8669.620940938214
61132.68688970327,6869.620940941037,61132.68688970536,7319.620940939538
61132.68688970536,7319.620940939538,60932.68688970001,7319.620940939538
60932.68688970001,7319.620940939538,60932.68688970304,6869.620940939377
57532.68688970525,8669.62094094009,57532.68688970687,8519.620940932497
57532.68688970687,8519.620940932497,57732.68688970664,8519.620940932044
57732.68688970664,8519.620940932044,57732.68688970897,8669.620940931083
57732.68688970501,6869.620940936219,57732.68688970408,7319.620940941575
57732.68688970408,7319.620940941575,57532.68688970408,7319.620940942026
57532.68688970408,7319.620940942026,57532.68688970117,6869.620940939232
59232.88108165807,6869.620940938097,59032.8810816739,6869.620940940237
59032.8810816739,6869.620940940237,59032.8810816739,6769.6209409367
59032.8810816739,6769.6209409367,59232.88108165807,6769.620940938096
57732.68688970315,6769.62094093622,57832.88108165492,6769.620940935187
57832.88108165492,6769.620940935187,57832.8810816548,6869.620940938723
57832.8810816548,6869.620940938723,57732.68688970501,6869.620940936219
59032.8810816626,6869.620940938069,57832.8810816626,6869.620940937894
59032.8810816626,6769.620940938068,57832.8810816626,6769.620940937894
60632.88108157378,12929.20755354955,60632.88108157331,11929.20755354955
63032.88108155935,16269.62094094665,63032.88108156831,15669.62094030538
62832.88108157821,16069.6209409518,62832.88108156831,15669.62094030522
63032.88108156831,15669.62094030538,62832.88108156831,15669.62094030522
60432.88108157239,11169.62094093668,60432.88108157331,10529.20755355205
60432.88108157331,10529.20755355205,60632.88108157227,10529.20755355198
60632.88108157227,10529.20755355198,60632.88108157122,11069.62094094002
60632.8810815704,8869.620940949739,60632.88108157192,9529.207553551983
60632.88108157192,9529.207553551983,60432.88108157355,9529.207553552056
60432.88108157355,9529.207553552056,60432.88108157308,8869.62094093897
60632.88108157215,10529.20755355192,60632.88108157168,9529.207553551925
62832.88108156912,11069.6209409383,60632.88108157122,11069.62094094002
62832.88108157331,11269.62094093581,60632.88108157436,11269.6209409375
58332.88108174165,16069.62094093831,58332.8810817413,15969.62094094348
58332.8810817413,15969.62094094348,58532.88108174107,15969.62094094346
58532.88108174107,15969.62094094346,58532.88108174165,16069.6209409382
58532.88108174131,8869.620940938126,58532.88108174072,9069.62094093392
58532.88108174072,9069.62094093392,58332.88108174095,9069.620940933935
58332.88108174095,9069.620940933935,58332.88108174142,8869.620940934808
58332.88108174107,14969.62094094348,58332.88108174095,10069.62094094348
58332.88108174095,10069.62094094348,58532.88108174072,10069.62094094346
58532.88108174072,10069.62094094346,58532.88108174107,14969.62094094346
58532.88108174107,14969.62094094346,58332.88108174107,14969.62094094348
60432.88108157378,16069.6209409382,60432.88108157413,15469.62094032416
60432.88108157413,15469.62094032416,60632.88108157402,15469.62094032403
60632.88108157402,15469.62094032403,60632.88108157366,16269.62094093957
60632.8810815725,13669.6209409345,60632.88108157366,14469.62094031449
60632.88108157366,14469.62094031449,60432.8810815739,14469.62094031462
60432.8810815739,14469.62094031462,60432.88108157308,13569.62094093606
55832.88108205969,16069.62094093831,55832.88108199299,14769.620945356
55632.88108207169,16269.62094093827,55632.88108199299,14769.62094536121
60432.88108157401,13569.62094093598,60432.88108157494,12929.20755355207
60432.88108157494,12929.20755355207,60632.88108157518,12929.20755355198
60632.88108157518,12929.20755355198,60632.8810815753,13469.62094093422
60632.88108157436,11269.6209409375,60632.88108157482,11929.20755354245
60632.88108157482,11929.20755354245,60432.8810815746,11929.20755354254
60432.8810815746,11929.20755354254,60432.88108157308,11169.62094093674
62832.88108157821,16069.6209409518,62432.88107979984,16069.62094093833
63032.88108155935,16269.62094094665,62432.88107979984,16269.62094093833
62432.88107979984,16069.62094093833,62432.88107979984,16269.62094093833
58432.88108174141,16269.62094093833,57782.88108194107,16269.62094093876
57782.88108194107,16269.62094093876,57782.88108194096,16069.62094094041
57782.88108194096,16069.62094094041,58332.88108174165,16069.62094093831
55832.88108205969,16069.62094093831,56482.88108194095,16069.62094094041
56482.88108194095,16069.62094094041,56482.88108194107,16269.62094093874
56482.88108194107,16269.62094093874,55632.88108207169,16269.62094093827
59232.88108165807,6869.620940938097,59332.68688970024,6869.620940938097
59232.88108165807,6769.620940938096,59232.68688969221,6769.620940932423
59532.88108165621,6869.620940938112,60732.8810816562,6869.620940938199
59532.88108165621,6769.620940938111,60732.8810816562,6769.620940938199
62832.88108167087,6869.620940941153,62832.88108165434,6969.620940937748
63032.88108165457,6769.620940938446,63032.88108165434,6969.62094093798
62832.88108165434,6969.620940937748,63032.88108165434,6969.62094093798
63032.88108156598,8769.620940938328,63032.88108156598,8569.620940938388
62832.88108154514,8669.620940938461,62832.88108156598,8569.620940938388
63032.88108156598,8569.620940938388,62832.88108156598,8569.620940938388
55632.88108166156,6769.620940938446,55632.88108166179,6969.62094093798
55832.88108165899,6869.620940939014,55832.88108166179,6969.620940937748
55632.88108166179,6969.62094093798,55832.88108166179,6969.620940937748
55832.88108177192,8669.62094094009,55832.88108175003,8569.620940938388
55632.88108175004,8769.620940938328,55632.88108175004,8569.620940938388
55832.88108175003,8569.620940938388,55632.88108175004,8569.620940938388
62832.88108157529,13469.62094093412,60632.8810815753,13469.62094093422
62832.88108157413,13669.62094093438,60632.8810815725,13669.6209409345
62832.88108154514,8669.620940938461,61132.68688970327,8669.620940938214
62832.8810815725,8869.620940938214,61032.68688970513,8869.620940938039
59232.68688969221,6169.620940937878,59232.68688969221,6769.620940932423
59432.68688970315,6169.620940937836,59432.68688970315,6769.620940939276
57532.68688969221,5969.620940936394,57532.68688969221,6669.620940941065
57732.68688970303,6169.620940937734,57732.68688970315,6769.62094093622
60932.68688970315,6169.620940937996,60932.68688970315,6769.620940939377
61132.68688970315,5969.62094093638,61132.68688970303,6669.62094094127
57532.68688970117,6869.620940939232,56832.88108166435,6869.620940941313
56832.88108166435,6869.620940941313,56832.88108166435,6669.620940940832
56832.88108166435,6669.620940940832,57532.68688969221,6669.620940941065
55832.88108138682,6669.620940940863,55932.88108166447,6669.620940940716
55932.88108166447,6669.620940940716,55932.88108166423,6869.620940941196
55932.88108166423,6869.620940941196,55832.88108165899,6869.620940939014
60432.88108157308,8869.62094093897,60032.88108165259,8869.620940939407
60032.88108165259,8869.620940939407,60032.88108165271,8669.620940937226
60032.88108165271,8669.620940937226,60532.88108157145,8669.62094093798
58432.88108174049,8669.62094093705,58832.88108165271,8669.6209409367
58832.88108165271,8669.6209409367,58832.88108165247,8869.620940938868
58832.88108165247,8869.620940938868,58532.88108174131,8869.620940938126
63032.88108157052,11169.62094093664,63032.88108157425,8769.620940938328
62832.88108156912,11069.6209409383,62832.8810815725,8869.620940938214
57732.68688970303,6169.620940937734,59232.68688969221,6169.620940937878
57532.68688969221,5969.620940936394,59232.88108137983,5969.620940936555
63032.88108157215,13569.62094093588,63032.8810815746,12269.62094135598
62832.88108157529,13469.62094093412,62832.88108157122,12169.62094135627
60632.88108157366,16269.62094093957,59982.8810816548,16269.62094094034
59982.8810816548,16269.62094094034,59982.88108165492,16069.62094093751
59982.88108165492,16069.62094093751,60432.88108157378,16069.6209409382
58532.88108174165,16069.6209409382,58682.88108165492,16069.62094093751
58682.88108165492,16069.62094093751,58682.88108165492,16269.62094093961
58682.88108165492,16269.62094093961,58432.88108174141,16269.62094093833
59432.68688970315,6169.620940937836,60932.68688970315,6169.620940937996
59432.88108138077,5969.620940936191,61132.68688970315,5969.62094093638
59432.68688970315,6769.620940939276,59532.8810816548,6769.620940938491
59532.8810816548,6769.620940938491,59532.88108165492,6869.6209409367
59532.88108165492,6869.6209409367,59332.68688970024,6869.620940938097
60932.68688970304,6869.620940939377,60732.88108165492,6869.620940937647
60732.88108165492,6869.620940937647,60732.8810816548,6769.620940938577
60732.8810816548,6769.620940938577,60932.68688970315,6769.620940939377
55832.64748433057,14769.62094720412,55832.64749172307,14369.62094319686
55632.64748433057,14769.62094350788,55632.6474898844,14469.62094135301
55832.88108193722,13569.62094093588,55832.88108187995,12169.6209413562
55632.88108193723,13569.62094093997,55632.88108188484,12269.62094135598
62832.88108127518,1069.620941054294,62832.88108130521,2769.620941129848
63032.88108127296,1069.620941504938,63032.88108130218,2669.620941128451
58432.88108174095,8669.62094093833,57732.68688970897,8669.620940931083
58332.88108174142,8869.620940934808,57632.68688970874,8869.620940938332
57532.68688970525,8669.62094094009,55832.88108177192,8669.62094094009
57632.68688970874,8869.620940938332,55832.88108174444,8869.620940938534
60932.68688970315,8669.620940945824,60532.88108157145,8669.620940937923
61032.68688970513,8869.620940938039,60632.8810815704,8869.620940949739
61132.68688970303,6669.62094094127,61832.88108165492,6669.620940944747
61832.88108165492,6669.620940944747,61832.88108165481,6869.620940941517
61832.88108165481,6869.620940941517,61132.68688970327,6869.620940941037
62832.88108167087,6869.620940941153,62732.88108165492,6869.620940941576
62732.88108165492,6869.620940941576,62732.88108165492,6669.620940944806
62732.88108165492,6669.620940944806,62832.88108137482,6669.620940941371
63332.86264801502,269.6209414820478,62532.86264823819,269.6209415118501
63232.86264802154,369.6209414894911,62632.86264824227,369.6209415118428
63232.86264802166,869.6209414815966,62932.86264799919,869.6209414927579
63332.86264801514,1069.620941498419,63032.88108127296,1069.620941504938
63332.86264801514,1069.620941498419,63332.86264801502,269.6209414820478
63232.86264802166,869.6209414815966,63232.86264802154,369.6209414894911
62632.86264824215,869.6209410522715,62632.86264824227,369.6209415118428
62532.86264823831,869.6209412482058,62532.86264823819,269.6209415118501
62932.86264823156,869.6209410609154,62632.86264824215,869.6209410522715
62832.88108127518,1069.620941054294,62632.86264824564,1069.620941067551
8432.88108171185,2869.620941127898,8432.881081641535,6769.620941361572
8632.881081713014,2769.620941129819,8632.881081643629,6669.620941376357
4232.881081454572,2669.620941127629,2833.026203726419,2669.620941127723
4232.881081462489,2869.62094112784,2633.047715244582,2869.620941127971
31832.8810816895,2869.620941336092,31832.8810816207,6769.620941356348
32032.88108169159,2769.620941132307,32032.88108162233,6669.620941370915
62832.88108130521,2769.620941129804,62832.88108137482,6669.620940941371
63032.88108130824,2869.620941128451,63032.88108137611,6769.62094092212
21132.88108162896,9269.620941355155,22232.88108162815,9269.620941359957
21132.88108162954,9169.620941353916,22332.88108162896,9169.620941354806
3132.881081642118,9169.620941359157,1932.881081640138,9169.620941354806
3132.881081640138,9269.620941355155,2032.881081643398,9269.620941352478
26532.88108162954,9169.62094135961,25332.88108162803,9169.620941357367
26532.88108162803,9269.620941357716,25432.88108162431,9269.620941352929
27832.88108162466,8069.620941358065,27832.88108145155,2869.620941336325
27632.88108162466,8069.620941359142,27632.88108145108,2869.620941337656
26532.88108162803,8069.620941358065,26632.88108163583,8069.620941359158
26632.88108163571,7169.620941358444,26632.88108163408,7319.62094134008
26632.88108163408,7319.62094134008,26532.88108162442,7319.62094134008
26532.88108162442,7319.62094134008,26532.88108162628,7269.620941358444
20032.88108163292,8069.620941352798,20032.88108180615,2869.620941335336
19832.88108163234,8069.620941352171,19832.88108180498,2869.620941337402
21032.88108162629,8069.620941352798,21132.88108162896,8069.620941355504
21132.88108162628,7269.62094135562,21132.88108163071,7319.620941359142
21132.88108163071,7319.620941359142,21032.88108162058,7319.620941359158
21032.88108162058,7319.620941359158,21032.88108162629,7169.620941355621
4432.881081636762,8069.620941355504,4432.881081462954,2869.620941128109
4232.881081635947,8069.620941359142,4232.881081462489,2869.62094112784
3132.881081640138,8069.620941355504,3232.881081635831,8069.620941359158
3232.881081635715,7169.620941355621,3232.881081634783,7319.62094134008
3232.881081634783,7319.62094134008,3132.881081642933,7319.62094134008
3132.881081642933,7319.62094134008,3132.881081635714,7269.62094135562
44532.88108161685,9269.620941357716,45632.88108161674,9269.620941353149
44532.88108161673,9169.620941353469,45732.88108161685,9169.620941357367
50332.88108162314,9169.620941353818,49132.88108161965,9169.620941354806
50332.88108161965,9269.620941355155,49232.88108162058,9269.620941353496
68332.88108160847,9269.620941355155,69432.88108160906,9269.62094135258
68332.88108161045,9169.6209413529,69532.88108160847,9169.620941354806
67232.88108161278,8069.620941352798,67232.88108178612,2870.129178691503
67032.88108161185,8069.620941352171,67032.88108178484,2869.620941128662
68232.8810816072,8069.620941352798,68332.88108160847,8069.620941355504
68332.8810816072,7269.62094135562,68332.88108160452,7319.62094134008
68332.88108160452,7319.62094134008,68232.88108160754,7319.62094134008
68232.88108160754,7319.62094134008,68232.8810816072,7169.620941355621
51632.88108161627,8069.620941355504,51632.88108144386,2869.62094133682
51432.8810816172,8069.620941359158,51432.88108144398,2869.620941338173
50332.88108161965,8069.620941355504,50432.88108161673,8069.620941359158
50432.88108161673,7169.620941355621,50432.88108160998,7319.62094134008
50432.88108160998,7319.62094134008,50332.8810816165,7319.62094134008
50332.8810816165,7319.62094134008,50332.88108161674,7269.62094135562
43432.88108162035,8069.620941359158,43432.88108179345,2869.620941336296
43232.88108162023,8069.620941354733,43232.8810817938,2869.620941336885
44432.88108161674,8069.620941359158,44532.88108161685,8069.620941358065
44532.88108161673,7269.62094135562,44532.88108162419,7319.62094134008
44532.88108162419,7319.62094134008,44432.88108161115,7319.62094134008
44432.88108161115,7319.62094134008,44432.88108161674,7169.620941358444
20682.88108171628,2869.62094133674,23082.88108171627,2869.620941336871
27632.88108145108,2869.620941337656,27032.88108126388,2869.620941337293
27032.88108126388,2869.620941337293,27032.88108126388,2669.62094133802
27032.88108126388,2669.62094133802,27732.88108082069,2669.620941336674
23932.88108155387,2669.620941337598,24632.88108126389,2669.620941338602
24632.88108126389,2669.620941338602,24632.88108126389,2869.620941337439
24632.88108126389,2869.620941337439,23932.88108162978,2869.620941337874
27032.88108126167,2869.620941336718,24632.88108126167,2869.620941336864
23932.88108155387,2669.620941337598,23932.8810816179,1069.620941310059
23732.88108155679,2669.620941337926,23732.88108162093,1069.620941315123
19632.88108161918,369.6209414303376,20232.8810816328,369.6209414526966
19532.88108162535,269.6209414228942,20332.88108163583,269.6209414526893
19632.88108161918,869.6209414329787,19632.88108161918,369.6209414303376
19532.88108162523,1069.620941429268,19532.88108162535,269.6209414228942
20332.88108163572,1069.62094145907,20332.88108163583,269.6209414526893
20232.8810816328,869.6209414553377,20232.8810816328,369.6209414526966
19532.88108162523,1069.620941429268,20332.88108163572,1069.62094145907
19632.88108161918,869.6209414329787,20232.8810816328,869.6209414553377
28132.88108162186,269.620941478177,27332.8810816214,269.6209415082849
28032.88108162815,369.6209414856639,27432.88108162442,369.6209415082558
28132.88108162221,1069.620941495887,28132.88108162186,269.620941478177
28032.88108162826,869.6209415090343,28032.88108162815,369.6209414856639
27432.88108162466,869.6209415111152,27432.88108162442,369.6209415082558
27332.88108162175,1069.620941498673,27332.8810816214,269.6209415082849
27332.88108162175,1069.620941498673,28132.88108162221,1069.620941495887
27432.88108162466,869.6209415111152,28032.88108162826,869.6209415090343
24432.88108163036,869.6209413099568,23832.88108162675,869.6209413099859
24432.88108163036,1069.620941309957,23932.8810816179,1069.620941310059
24432.88108163036,869.6209413099568,24432.88108163036,1069.620941309957
23832.88108162675,869.6209413099859,23232.88108163036,869.6209413100152
23732.88108162093,1069.620941315123,23232.88108163036,1069.620941310015
23232.88108163036,869.6209413100152,23232.88108163036,1069.620941310015
16132.8810814413,269.6209414856203,15332.88108144363,269.6209415154153
16032.88108144782,369.6209414803598,15432.8810814349,369.6209415027188
15432.88108144386,1069.620941505913,15432.88108148554,1069.620941498993
15332.88108144386,1069.620941505913,15332.88108141615,1069.620941511653
15432.88108144386,1069.620941505913,15332.88108144386,1069.620941505913
16032.88108144782,869.6209414833065,15732.88108143199,869.6209414926997
16132.8810814413,1069.620941500107,15832.88108162745,1069.620941506684
16132.8810814413,1069.620941500107,16132.8810814413,269.6209414856203
16032.88108144782,869.6209414833065,16032.88108144782,369.6209414803598
15432.88108143501,869.6209414925615,15432.8810814349,369.6209415027188
15332.88108144374,869.6209415106714,15332.88108144363,269.6209415154153
15732.88108143199,869.6209414926997,15432.88108143501,869.6209414925615
15632.88108162628,1069.62094149462,15432.88108148554,1069.620941498993
15832.8810816278,2669.62094133666,16732.88108162617,2669.620941335816
16732.88108162617,2669.620941335816,16732.88108162628,2869.620941337889
16732.88108162628,2869.620941337889,15832.88108162814,2869.620941337176
19832.88108180498,2869.620941337402,19132.88108162628,2869.620941338027
19132.88108162628,2869.620941338027,19132.88108162628,2669.620941335831
19132.88108162628,2669.620941335831,19932.88108180917,2669.620941336703
19932.88108180917,2669.620941336703,20682.88108171208,2669.620941338573
20682.88108171208,2669.620941338573,20682.88108171208,2869.620941336638
20682.88108171208,2869.620941336638,20032.88108180615,2869.620941335336
23732.88108162896,2869.620941335524,23082.88108171208,2869.620941336762
23082.88108171208,2869.620941336762,23082.88108171197,2669.620941339344
23082.88108171197,2669.620941339344,23732.88108155679,2669.620941337926
15632.88108162931,2769.6209413365,15632.88108163047,6669.620941377245
15832.88108162814,2869.620941337176,15832.88108163036,6769.620941363334
31833.3482311467,1069.620941489884,31833.34823114611,2669.620941337395
32033.34823114751,1069.62094149569,32033.34823114751,2769.6209413365
31633.34823132586,369.6209414832119,32233.34823134204,369.6209415055637
31533.34823133238,269.6209414884797,32333.34823133331,269.6209415182893
31633.34823132586,869.6209414665062,31633.34823132586,369.6209414832119
31533.34823133238,1069.620941483299,31533.34823133238,269.6209414884797
32333.34823133331,869.6209414993064,32333.34823133331,269.6209415182893
32233.34823134204,869.6209414864132,32233.34823134204,369.6209415055637
32033.34823114751,1069.62094149569,32032.88108168659,1069.62094149569
31933.34823134483,869.6209414926997,32032.88108162571,869.6209414948825
31832.8810816895,2869.620941336092,30933.348231151,2869.620941336514
30933.348231151,2869.620941336514,30933.34823115089,2669.620941338042
30933.34823115089,2669.620941338042,31833.34823114611,2669.620941337395
27733.34823096765,2669.620941336703,28533.34823115089,2669.620941337642
28533.34823115089,2669.620941337642,28533.34823115089,2869.620941336652
28533.34823115089,2869.620941336652,27832.88108145155,2869.620941336325
34632.87025303103,1069.620941558052,34632.87949971156,1469.620941298148
34832.86562974053,869.6209415551056,34832.87949976139,1469.620941342458
36232.89653336292,869.6209415616757,36232.88266333879,1469.620941899855
36432.89191006229,1069.620941544664,36432.88266357337,1469.612562699811
34732.88181137177,1669.620941300062,35432.88108161755,1669.620941582492
34832.87949976139,1469.620941342458,35532.88108165679,1469.620941618457
32132.88108162372,1069.620932056889,32132.88108161814,1069.620941509172
32032.88108162372,1069.620932056889,32032.88108168659,1069.62094149569
32132.88108162372,1069.620932056889,32032.88108162372,1069.620932056889
31533.34823133238,1069.620941483299,31833.3482311467,1069.620941489884
31633.34823132586,869.6209414665062,31933.34823134483,869.6209414926997
32132.88108161814,1069.620941509172,32233.34823133075,1069.620941499277
32032.88108162571,869.6209414948825,32233.34823134204,869.6209414864132
32333.34823133331,869.6209414993064,32333.34823131992,1069.620941501213
32333.34823131992,1069.620941501213,32233.34823133075,1069.620941499277
34133.33897343278,1069.620941539469,34133.34823132434,869.6209415382982
34133.34823132434,869.6209415382982,34233.33658414195,869.6209415431294
39032.8004412906,1069.620941493158,39032.80044129084,2769.6209413365
39232.80044128746,1069.620941502267,39232.80044128781,2669.620941337962
39532.80044109863,269.620941491281,38732.80044110341,269.6209415210906
39432.80044110504,369.6209414860204,38832.80044109468,369.6209415083795
39532.80044109852,1069.62094149569,39532.80044109863,269.620941491281
39432.80044110504,869.6209414788972,39432.80044110504,369.6209414860204
38832.80044109479,869.6209415062112,38832.80044109468,369.6209415083795
38732.80044110341,869.6209415009652,38732.80044110341,269.6209415210906
39132.80044109351,869.6209414926997,39033.26759081264,869.6209414948825
39032.8004412906,1069.620941493158,39033.2675908159,1069.620941493151
39033.26759081462,1069.620932056889,39033.2675908159,1069.620941493151
38933.26759081462,1069.620932056772,38933.26759080787,1069.620941528977
39033.26759081462,1069.620932056889,38933.26759081462,1069.620932056772
39432.80044110504,869.6209414788972,39132.80044109351,869.6209414926997
39532.80044109852,1069.62094149569,39232.80044128746,1069.620941502267
39033.26759081264,869.6209414948825,38832.80044109479,869.6209415062112
38933.26759080787,1069.620941528977,38832.8004411076,1069.620941499277
38732.80044110341,869.6209415009652,36833.3511630533,869.6209415431148
38832.8004411076,1069.620941499277,36933.34970500984,1069.620941542293
43333.26759161777,2669.620941336674,44033.26759117818,2669.62094133666
44033.26759117818,2669.62094133666,44033.26759117818,2869.62094133567
44033.26759117818,2869.62094133567,43432.88108179345,2869.620941336296
47132.88108161662,2869.620941336529,46433.26759117829,2869.620941335823
46433.26759117829,2869.620941335823,46433.26759117829,2669.620941336383
46433.26759117829,2669.620941336383,47133.26759088633,2669.620941336252
44033.2675911769,2869.620941336718,46433.2675911769,2869.620941336864
47333.26759088924,2769.620941335976,47333.26759081543,869.6209413074321
47133.26759088633,2669.620941336252,47133.26759082195,1069.620941313071
43033.26759082067,369.6209414740733,43633.26759080181,369.6209414966652
42933.26759081415,269.620941479312,43733.26759081765,269.6209415094199
43033.26759082044,869.6209414936602,43033.26759082067,369.6209414740733
42933.2675908138,1069.620941505956,42933.26759081415,269.620941479312
43733.26759081706,1069.620941508743,43733.26759081765,269.6209415094199
43633.26759080146,869.6209414957557,43633.26759080181,369.6209414966652
43633.26759080146,869.6209414957557,43033.26759082044,869.6209414936602
43733.26759081706,1069.620941508743,42933.2675908138,1069.620941505956
46783.29211078293,1069.620941309957,47133.26759082195,1069.620941313071
46783.29211078293,869.6209413099568,47333.26759081543,869.6209413074321
46783.29211078293,1069.620941309957,46783.29211078293,869.6209413099568
39232.80044128781,2669.620941337962,40132.80044129118,2669.620941336398
40132.80044129118,2669.620941336398,40132.80044129118,2869.620941335983
40132.80044129118,2869.620941335983,39232.88108160894,2869.620941336667
43232.8810817938,2869.620941336885,42532.80044129106,2869.620941336107
42532.80044129106,2869.620941336107,42532.80044129118,2669.620941335656
42532.80044129118,2669.620941335656,43332.80044147081,2669.620941336703
55633.89602104388,1069.620941477646,55633.89602104342,2669.620941337897
55833.89602104062,1069.620941481073,55833.89602104237,2769.6209413365
55433.89602121897,369.6209414797486,56033.89602122886,369.6209415021003
55333.89602122537,269.6209414850236,56133.89602122013,269.620941514826
55433.89602121897,869.6209415051344,55433.89602121897,369.6209414797486
55333.89602122548,1069.620941471075,55333.89602122537,269.6209414850236
56133.89602122001,869.6209410691226,56133.89602122013,269.620941514826
56033.89602122898,869.6209415134218,56033.89602122886,369.6209415021003
55833.89602104062,1069.620941481073,55833.42887152475,1069.62094148108
55733.89602123969,869.6209414926997,55833.42887152056,869.6209414948825
55933.42887151858,1069.620932056889,55933.42887153267,1069.620941498127
55833.42887151858,1069.620932056889,55833.42887152475,1069.62094148108
55933.42887151858,1069.620932056889,55833.42887151858,1069.620932056889
55333.89602122548,1069.620941471075,55633.89602104388,1069.620941477646
55433.89602121897,869.6209415051344,55733.89602123969,869.6209414926997
55933.42887153267,1069.620941498127,56033.8960212256,1069.620941499277
55833.42887152056,869.6209414948825,56033.89602122898,869.6209415134218
51432.88108144398,2869.620941338173,50833.4288711521,2869.620941336601
50833.4288711521,2869.620941336601,50833.42887115234,2669.620941338144
50833.42887115234,2669.620941338144,51533.42887071543,2669.620941336674
47732.88108162,2669.620941338129,48433.42887115222,2669.620941339068
48433.42887115222,2669.620941339068,48433.42887115222,2869.620941336754
48433.42887115222,2869.620941336754,47732.88108161965,2869.620941338413
50833.42887115652,2869.620941336718,48433.42887115653,2869.620941336864
51933.42887152766,269.6209414723999,51133.42887153057,269.6209415025078
51833.42887153394,369.6209414798868,51233.42887152091,369.6209415024787
51933.42887152801,1069.62094150178,51933.42887152766,269.6209414723999
51833.42887153394,869.6209415021948,51833.42887153394,369.6209414798868
51233.42887152102,869.6209415042977,51233.42887152091,369.6209415024787
51133.42887153081,1069.620941504559,51133.42887153057,269.6209415025078
51133.42887153081,1069.620941504559,51933.42887152801,1069.62094150178
51233.42887152102,869.6209415042977,51833.42887153394,869.6209415021948
48083.40435155026,869.6209413099568,47532.88108162291,869.6209413158431
48083.40435155026,1069.620941309957,47732.88108161977,1069.620941304536
48083.40435155026,869.6209413099568,48083.40435155026,1069.620941309957
55632.88108138682,2869.620941336601,54733.89602104888,2869.620941337002
54733.89602104888,2869.620941337002,54733.89602104888,2669.620941337082
54733.89602104888,2669.620941337082,55633.89602104342,2669.620941337897
51533.89602086239,2669.620941336703,52333.89602103934,2669.620941336383
52333.89602103934,2669.620941336383,52333.89602103934,2869.620941337132
52333.89602103934,2869.620941337132,51632.88108144386,2869.62094133682
47732.88108162,2669.620941338129,47732.88108161977,1069.620941304536
47532.88108161988,2769.620941336951,47532.88108162291,869.6209413158431
35632.88108161651,1669.620941657136,36332.88035165053,1669.620941936853
35532.88108165679,1469.620941618457,36232.88266333879,1469.620941899855
8632.881081446423,12169.6209413562,8632.88108145073,11269.62094137633
8432.88108144619,12069.62094135584,8432.881081447122,11169.62094137603
8632.881081439089,14469.6209413577,8632.881081437576,13669.62094137518
8432.881081452944,14269.62094135754,8432.881081445492,13569.62094137553
15832.88108114153,12069.62094135584,15832.88108127669,8769.620941377798
15632.88108113769,12169.62094135211,15632.88108127343,8869.620941380272
15833.11466945475,14269.6209413973,15833.1146565096,13569.62093952723
15633.11467129458,14369.62094324129,15633.1146565096,13569.62094322347
39232.88141631126,12069.62094134566,39232.88141631312,11169.62094137087
39032.88141631382,12169.62094135883,39032.88141631591,11269.62094137387
39232.88141631184,14269.62094134307,39232.88141631475,13569.62094137011
39032.88141631463,14469.62094134081,39032.8814163158,13669.62094137104
32032.88141662255,12169.62094134456,32032.88141648751,8869.620941372237
31832.88141661661,12069.62094135838,31832.88141648355,8769.620941376648
32032.64782646566,14369.62094318522,32032.64784125064,13569.62094321823
31832.64782831399,14269.62094134482,31832.64784125064,13569.62093952199
63032.88108157389,12069.62094135584,63032.88108157052,11169.62094093664
62832.88108157122,12169.62094135627,62832.88108157331,11269.62094093581
63032.88108157285,14269.62094135754,63032.88108157215,13569.62094093588
62832.88108157274,14469.6209413577,62832.88108157413,13669.62094093438
55832.88108187995,12169.6209413562,55832.88108174444,8869.620940938534
55632.88108187518,12069.62094135585,55632.88108174095,8769.62094094242
55832.64749172307,14369.62094319686,55832.64750650804,13569.62094278401
55632.64749357302,14269.62094135267,55632.64750650804,13569.62093908776
10932.88586054463,1069.620941623347,11232.87025307421,1069.620941614688
10832.88347117998,869.6209416325872,11432.86562973808,869.6209416139828
10732.88586048048,1069.620941636334,10732.90019641991,1669.620941002576
10932.88586054463,1069.620941623347,10932.89541783777,1469.620941113557
10732.90019641991,1669.620941002576,11332.88410064136,1669.620941329136
10932.89541783777,1469.620941113557,11232.87949985778,1469.620941276582
13332.89659202553,1069.620941606277,13332.89076063188,1469.609763927547
13532.89659205405,1069.620941591667,13532.88784490933,1669.607900968992
13332.89076063188,1469.609763927547,13032.88266373088,1469.612558468332
13532.88784490933,1669.607900968992,12932.90394070838,1669.613489763942
13432.8980500981,869.6209415956836,12832.8965334869,869.6209416235578
13332.89659202553,1069.620941606277,13032.89191020315,1069.620941619614
34133.33897343278,1069.620941539469,34133.35330937221,1669.620941024368
34333.33897349716,1069.620941551482,34333.34853079019,1469.620941135356
34133.35330937221,1669.620941024368,34733.33721359435,1669.620941353416
34333.34853079019,1469.620941135356,34632.87949971156,1469.620941298148
36733.34970498132,1069.620941538058,36733.34387358767,1469.609763938344
36933.34970500984,1069.620941542293,36933.34095786501,1669.607901010291
36733.34387358767,1469.609763938344,36432.88266357337,1469.612562699811
36933.34095786501,1669.607901010291,36333.35705366137,1669.613489788222
57932.8581195207,1069.620941150744,57932.87245546025,1669.620941003653
58132.85811958497,1069.620941159199,58132.867676878,1469.620941114626
57932.87245546025,1669.620941003653,58532.85635968065,1669.620941329136
58132.867676878,1469.620941114626,58432.8794994764,1469.620941277673
60532.86885106505,1069.620941189445,60532.86301967129,1469.609763929613
60732.86885108065,1069.620941196699,60732.86010393582,1669.607900986295
60532.86301967129,1469.609763929613,60232.88266335637,1469.612558211971
60732.86010393582,1669.607900986295,60132.87619974767,1669.613489763942
34333.33897349716,1069.620941551482,34632.87025303103,1069.620941558052
34233.33658414195,869.6209415431294,34832.86562974053,869.6209415551056
36833.3511630533,869.6209415431148,36232.89653336292,869.6209415616757
36733.34970498132,1069.620941538058,36432.89191006229,1069.620941544664
56033.89602122339,1069.620941067384,57932.8581195207,1069.620941150744
56133.89602122001,869.6209410691226,58032.85573023034,869.6209411562158
60632.87030914495,869.6209411936289,60032.89653328212,869.6209411755553
60532.86885106505,1069.620941189445,60232.89190994587,1069.620941180466
58132.85811958497,1069.620941159199,58432.87025281042,1069.620941172528
58032.85573023034,869.6209411562158,58632.86562953924,869.6209411942982
