5313.374899467071,4250.450211384278,6513.374899259386,4250.450211325953
5313.374899467886,4350.450211384394,6513.374899260201,4350.45021132607
5313.374899460552,4200.450211384395,6513.374899252866,4200.45021132607
29513.37489945345,4350.450211058897,30713.37489944274,4350.45021104388
29513.37489945147,4200.450211058897,30713.37489944076,4200.45021104388
29513.37489945217,4250.450211058897,30713.37489944146,4250.450211043879
20741.31330600075,2050.450211481834,22063.37489953518,2050.450211164021
20863.37489911806,2000.450211452498,22063.37489952318,2000.45021116402
20863.37489904996,2150.450211481834,22063.37489953657,2150.45021116402
28713.37542248537,15050.4502115149,30213.3677771516,15050.44972305227
4613.37203898813,15050.45021141746,5713.372038973928,15050.45021139068
14863.37489973401,2050.450211558436,13663.37489924739,2050.450211271355
14863.37489974588,2000.450211558435,13663.37489925927,2000.450211271355
14863.37489973517,2150.450211558435,13663.37489924856,2150.450211271355
4613.374899486513,10369.79805418552,4613.374899491867,9569.798054185525
5913.37490102692,15772.9502113795,5913.374901027153,15800.4502113795
16413.3720556517,19100.45021028706,16413.37205580432,17800.45021130837
16113.3720556517,19100.45021025179,16113.37205580432,17800.4502112731
18161.38138426534,17650.45021134923,16463.71580138601,17650.45021136984
15106.37489942551,450.4508070276961,15106.37489942551,1550.443022836177
14363.37489942551,1000.446914868024,17333.33208207189,1000.446914919131
15849.37489942551,450.4508070112815,15849.37489942551,1550.443022836177
16591.35349074864,450.4508069949833,16591.35349074864,1550.443022861788
13238.36631581626,16000.45021080767,13238.36631848718,16800.45021066518
13188.36631581626,16000.45021053037,13188.36631848718,16800.45021066768
12963.37489945089,11950.45021139499,12963.37489945554,12150.45021121408
28913.37489929943,6350.450211081307,26813.37489929943,6350.45021110785
8913.37633008914,6050.450211349528,6813.37633008914,6050.450211375954
28713.37542250225,15800.45021150692,28513.37542250226,15800.45021150948
28513.37542249538,15250.45021150948,28713.37542249539,15250.45021150692
14113.37490780683,11950.45021122007,16113.37490780683,11950.45021120319
14113.37490780776,12050.45021122007,16113.37490780776,12050.45021120319
6713.374899268817,4950.450211423802,6713.374899260667,4350.450211324848
29313.3748994609,4950.450211426072,29313.37489945345,4350.450211327118
5813.37489953075,15250.45021138102,6013.37489953075,15250.45021137881
6013.374899536804,15800.45021137881,5813.374899536804,15800.45021138102
17363.18153610473,4250.450211518447,15263.18153610473,4250.45021154301
15063.37489967231,2750.450211401973,15063.37489966626,2200.450211401973
18613.37489941678,2750.450211338527,20413.37489941678,2750.450211332707
18313.37491630899,18550.45070012362,18313.37491632447,19650.45070012362
16513.3806208877,10650.45021126105,18313.3806208877,10650.4502112309
16513.38062088607,10550.45021126105,18313.38062088607,10550.4502112309
11163.37015283966,12150.45021123172,12063.37015283966,12150.45021122846
18513.37491632389,19750.45021133794,19213.37489972772,19750.45021133434
19213.37489972772,19750.45021133434,19213.37489973028,19950.45021132927
19213.37489973028,19950.45021132927,18313.37491633041,19950.45021134394
21213.37489972703,19950.45021130744,20413.37489973029,19950.45021131414
20413.37489973029,19950.45021131414,20413.37489972772,19750.45021131926
20413.37489972772,19750.45021131926,21013.3748997254,19750.45021130651
21213.37489972703,19950.45021130744,21213.37489967324,15250.45021106012
21013.3748997254,19750.45021130651,21013.37489967091,15150.45021106384
24213.37489951701,12150.45021114685,24213.37489952039,12850.45021111163
24213.37489952039,12850.45021111163,24013.37489952062,12850.45021111315
24013.37489952062,12850.45021111315,24013.37489951364,11950.45021114586
24013.37489953657,15050.45021104027,24013.3748995325,14450.45021111309
24013.3748995325,14450.45021111309,24213.37489953064,14450.45021111163
24213.37489953064,14450.45021111163,24213.37489953611,15150.45021103951
26013.37489955194,16000.45021113486,26013.37489953483,14650.45021113556
25813.37489954076,15800.45021113625,25813.37489952423,14548.36340363691
26013.37489952284,14450.45021112752,26363.37516151878,14450.45021112199
26363.37516151878,14450.45021112199,26363.37516152134,14650.45021113521
26363.37516152134,14650.45021113521,26013.37489953483,14650.45021113556
28513.37542248712,14650.45021110424,28163.37516152134,14650.45021111262
28163.37516152134,14650.45021111262,28163.37516151877,14450.45021109941
28163.37516151877,14450.45021109941,28513.37542248712,14450.45021109615
28713.37542248654,14548.36340360047,28713.37542249701,15250.45021151955
28713.37542249701,15250.45021151955,28513.37542248828,15250.45021152211
28513.37542248828,15250.45021152211,28513.37542248712,14650.45021110424
28513.37542250412,16000.45021149929,28513.37542249515,15800.45021152211
28513.37542249515,15800.45021152211,28713.37542250109,15800.45021151955
28713.37542249585,15800.45021150506,28813.37304146049,15800.45021151088
28813.37304146049,15800.45021151088,28813.37304146305,16000.45021149179
28813.37304146305,16000.45021149179,28513.37542250412,16000.45021149929
30313.37542028629,16000.45021148055,29913.37304146305,16000.45021148032
29913.37304146305,16000.45021148032,29913.37304146049,15800.45021149714
29913.37304146049,15800.45021149714,30213.37542028478,15800.45021148632
33513.37542250179,16000.45021144033,33513.37542246244,12050.45021146251
33313.37542249865,15800.45021144318,33313.37542246151,12150.45021146251
33313.37542238736,4450.450210918675,32913.37203881863,4450.450210922226
32913.37203881863,4450.450210922226,32913.37203881619,4250.450210922167
32913.37203881619,4250.450210922167,33513.3754223841,4250.450210915125
30713.37489939559,4250.450210950631,30913.37203881618,4250.450210947546
30913.37203881618,4250.450210947546,30913.37203881863,4450.450210947604
30713.37489939559,4250.450210950631,30713.37489940444,4950.45021107374
30913.37489938709,4450.450210949117,30913.37489939594,5150.450211060062
30713.37489940444,4950.45021107374,29813.37489943122,4950.450211076476
30913.37489939594,5150.450211060062,29913.37489943995,5150.450211072692
29713.37489943902,5150.450211084974,29713.37489945403,6350.45021107147
29913.37489943995,5150.450211072692,29913.37489945008,6450.450211068676
29713.37489945299,6550.450211067687,28913.37489929606,6550.450211080259
28913.37489929606,6550.450211080259,28913.3748992935,6350.450211079852
28913.3748992935,6350.450211079852,29713.37489945403,6350.45021107147
26013.37489944728,6350.450211118211,26813.37489931259,6350.450211106453
26813.37489931259,6350.450211106453,26813.37489931515,6550.450211106744
26813.37489931515,6550.450211106744,26013.3748994559,6550.450211114311
26013.37489944728,6350.450211118211,26013.37489942423,4250.4502111043
25813.37489945147,6450.450211120423,25813.37489942423,4250.450211105522
26013.37489942423,4250.4502111043,25813.37489942423,4250.450211105522
9713.374899388375,4250.450211308841,9713.374899409097,6050.450211339517
9913.374899388375,4250.450211305814,9913.374899417362,6150.450211336664
9713.374899388375,4250.450211308841,9913.374899388375,4250.450211305814
9713.37489941806,6250.450211339458,8913.376330088326,6250.450211347433
8913.376330088326,6250.450211347433,8913.376330085766,6050.450211352206
8913.376330085766,6050.450211352206,9713.374899409097,6050.450211339517
6013.37489941189,6050.450211386024,6813.376330085765,6050.450211378632
6813.376330085765,6050.450211378632,6813.376330088326,6250.4502113738
6813.376330088326,6250.4502113738,6013.374899417711,6250.450211386024
6013.37489941189,6050.450211386024,6013.374899401064,5150.450211444814
5813.37489941643,6150.450211388527,5813.374899401064,5150.450211452847
6513.374899260783,4950.450211444232,5913.374899401995,4950.450211459831
6713.374899274869,5150.450211436083,6013.374899401064,5150.450211444814
5313.374899269864,4950.450211453254,5313.374899259851,4250.450211393184
5113.37489927161,5150.450211461753,5113.374899261598,4450.450211397666
5113.374899261598,4450.450211397666,5113.374899036684,4250.450211395454
5113.374899036684,4250.450211395454,5313.374899259851,4250.450211393184
2213.374899281855,4250.450211432357,2963.374899036684,4250.450211422637
2963.374899036684,4250.450211422637,2963.374899039245,4450.450211419901
2963.374899039245,4450.450211419901,2413.374899286046,4450.450211431776
413.3748994978049,12550.45021147165,413.3748994951274,12350.4502114206
413.3748994951274,12350.4502114206,613.374899489656,12350.45021141798
18114.05668661786,17650.45021134923,18313.37491628943,17650.45021132648
18114.05668661274,17450.45021134924,18313.37205563214,17450.45021138189
18114.05668661786,17650.45021134923,18114.05668661274,17450.45021134924
16213.37491629327,17450.45021137188,16213.37491629106,16950.45021140081
16213.37491629106,16950.45021140081,16413.37491627942,16950.45021139778
16413.37491627942,16950.45021139778,16413.37491629106,17450.45021136804
16413.37491626208,15300.45021134295,16413.37491626452,15850.45021137875
16413.37491626452,15850.45021137875,16213.37491627465,15850.45021138177
16213.37491627465,15850.45021138177,16213.37491626266,15400.45021137007
16413.3749162282,12650.45021134109,16613.37491629677,12650.45021134097
16613.37491629677,12650.45021134097,16613.37491629758,12850.45021133742
16613.37491629758,12850.45021133742,16413.37491622284,12850.4502113419
18413.37491622762,12850.45021133201,18113.37491631667,12850.45021132997
18113.37491631667,12850.45021132997,18113.37491631574,12650.45021133463
18113.37491631574,12650.45021133463,18313.37491623157,12650.450211333
18313.37491623344,11950.45021119417,18313.37491623157,12650.450211333
18513.37491623262,12050.45021118364,18513.37491623099,12650.45021133666
21213.37489964356,12750.45021130721,21213.37489963913,12150.450211166
21013.37489962598,12650.45021130273,21013.37489961108,12050.4502111685
13913.37489949047,11950.45021122176,14113.37490781859,11950.45021122135
14113.37490781859,11950.45021122135,14113.37490781952,12050.45021121833
14113.37490781952,12050.45021121833,14013.37489948884,12050.4502112245
16213.37491621772,12050.45021120593,16113.37490781952,12050.45021120145
16113.37490781952,12050.45021120145,16113.37490781859,11950.45021120564
16113.37490781859,11950.45021120564,16413.3749162204,11950.4502112022
13813.3748995006,13150.45021131559,16213.37491623728,13150.45021128556
14013.37489949594,12950.45021130896,16213.37491623658,12950.45021128154
16213.37491625986,15200.4502113724,16213.37491625206,14650.45021137357
16213.37491625206,14650.45021137357,16413.37491625532,14650.45021137135
16413.37491625532,14650.45021137135,16413.37491626208,15300.45021134295
16413.37491623728,13050.45021128369,16413.37491624321,13550.45021137136
16413.37491624321,13550.45021137136,16213.37491623996,13550.45021137357
16213.37491623996,13550.45021137357,16213.37491623728,13150.45021128556
14013.37489951899,15400.45021139761,16213.37491626266,15400.45021137007
14013.37489951864,15200.45021139988,16213.37491625986,15200.4502113724
8813.374899493963,11950.45021128887,8813.374899525046,14450.45021138271
9013.374899494895,12150.4502112816,9013.374899523766,14550.45021137933
6013.374899522369,14450.45021141798,6013.374899496291,12450.45021138463
5813.374899522834,14550.45021141967,5813.374899494429,12550.45021139056
4513.374899514452,12350.45021141687,4513.374899509214,12300.45021146367
4513.374899509214,12300.45021146367,4613.374899509214,12300.45021146239
4613.374899509214,12300.45021146239,4613.374899514452,12350.45021139336
4613.374899499318,11150.45021145744,4613.374899497921,11400.45021146239
4613.374899497921,11400.45021146239,4513.374899497921,11400.45021146367
4513.374899497921,11400.45021146367,4513.374899501879,11350.45021145698
2413.374899374754,11150.45021141827,2413.37489936253,10550.45021148579
2213.37489936125,11350.45021141606,2213.374899352519,10650.4502114862
2413.374899341226,8950.450211547084,4513.374899494662,8950.450211520487
2413.374899341692,8850.450211549822,4613.374899498154,8850.450211522057
26013.37489950398,10650.45021113573,26013.3748995027,10550.45021113585
25813.37489950398,10650.45021113695,25813.37489953448,10650.45021113736
26013.37489950398,10650.45021113573,25813.37489950398,10650.45021113695
29713.37489945299,6550.450211067687,29713.37489950176,10550.45021144516
29913.37489945008,6450.450211068676,29913.37489949885,10450.45021144534
33313.37542243672,9350.450211116466,31113.37542020317,9350.45021104877
33313.37542243602,9450.45021111175,31213.37542021411,9450.450211047082
29313.37542242111,11950.45021144214,28713.37542244335,11950.45021146623
29313.37542242274,12150.45021144214,28713.3754224458,12150.45021145389
29313.37542242111,11950.45021144214,29313.37542242274,12150.45021144214
28513.37542245371,11950.45021144883,28513.37542245499,12050.45021144883
28713.37542245371,11950.45021144638,28713.37542244335,11950.45021146623
28513.37542245371,11950.45021144883,28713.37542245371,11950.45021144638
26013.37489952284,14450.45021112752,26013.37489949082,11950.45021113189
25813.37489952423,14548.36340363691,25813.37489949804,12150.45021113556
26013.37489949082,11950.45021113189,24013.37489951364,11950.45021114586
25813.37489949804,12150.45021113556,24213.37489951701,12150.45021114685
22763.37489933645,10650.45021117333,22763.37489933494,10850.45021119714
22763.37489933494,10850.45021119714,22563.37489934798,10850.45021119964
22563.37489934798,10850.45021119964,22563.37489933878,10550.45021117543
22563.37489936416,11950.45021116122,22563.37489936614,11850.45021119958
22563.37489936614,11850.45021119958,22763.37489934763,11850.45021119708
22763.37489934763,11850.45021119708,22763.37489935531,12150.45021115511
12963.3748994538,11950.45021122438,12963.37489945415,11850.450211377
12963.37489945415,11850.450211377,13163.37489944332,11850.45021137444
13163.37489944332,11850.45021137444,13163.37489945252,11950.45021123369
13163.37489943622,10650.45021129912,13163.37489943086,10850.4502113745
13163.37489943086,10850.4502113745,12963.37489944157,10850.450211377
12963.37489944157,10850.450211377,12963.3748994375,10650.45021129778
6513.374899260783,4950.450211444232,6713.374899279876,4950.45021141443
6713.374899279876,4950.45021141443,6713.374899274869,5150.450211436083
6713.374899259386,4250.450211343998,6713.374899269514,4350.450211319027
6713.374899269514,4350.450211319027,6513.374899243904,4350.45021132188
6513.374899243904,4350.45021132188,6513.374899259386,4250.450211345337
6513.374899259386,4250.450211345337,6713.374899259386,4250.450211343998
29313.37489947324,5150.450211090038,29313.37489947114,4950.450211439342
29313.37489947114,4950.450211439342,29513.37489946393,4950.450211436898
29313.37489945345,4350.450699203475,29513.37489945345,4350.450699202195
16313.37491629677,17650.45021137147,16614.05668647526,17650.45021136821
16413.37491629106,17450.45021136804,16614.05668647316,17450.45021136821
16614.05668647526,17650.45021136821,16614.05668647316,17450.45021136821
9913.374899356246,10650.45021133521,12963.3748994375,10650.45021129778
9913.37489947231,10450.45021133754,12963.3748996169,10450.45021129993
29913.37489949885,10450.45021144534,30013.37489952994,10450.45021145046
30013.37489952994,10450.45021145046,30013.37489952912,10650.45021144196
30013.37489952912,10650.45021144196,29913.37489950887,10650.45021144382
31113.37489950479,10650.45021144848,30913.37489951003,10650.45021144545
30913.37489951003,10650.45021144545,30913.37489951084,10450.45021145401
30913.37489951084,10450.45021145401,31113.37542021667,10450.45021145005
22763.37489933645,10650.45021117333,25813.37489953448,10650.45021113736
22763.37489936451,10450.45021117135,25813.37489950688,10450.45021113526
21213.37489963913,12150.450211166,22763.37489935531,12150.45021115511
21113.37489962563,11950.45021116774,22563.37489936416,11950.45021116122
20763.3748991297,2950.450211336781,21363.37489930479,2950.450211324848
20863.37489913506,2750.450211338003,21463.37489930362,2750.450211327934
22263.37489970724,2950.450211313032,22263.37489969862,2250.450211182356
22063.37489969979,2750.450211322345,22063.37489969106,2050.450211183113
22063.37489969106,2050.450211183113,22263.37489998291,2050.450211181774
22263.37489998291,2050.450211181774,22263.37489998547,2250.450211183636
24663.37489930013,2250.450211152088,24113.37489996638,2250.450211160295
24113.37489996638,2250.450211160295,24113.37489996382,2050.450211158491
24113.37489996382,2050.450211158491,24863.37489929606,2050.450211147839
22763.37489935904,8750.450211129972,24763.37489937452,8750.450211214778
22763.37489935997,8550.450211124557,24663.37489937522,8550.450211210646
22563.37489935822,7050.450207417717,22513.37489870758,7050.450207192046
22513.37489870758,7050.450207192046,22513.37489960188,6850.450207196877
22513.37489960188,6850.450207196877,22563.37489936568,6850.450207418008
21563.37489935834,6850.450202946496,21613.37489960188,6850.450203172575
21613.37489960188,6850.450203172575,21613.37489870758,7050.450203167568
21613.37489870758,7050.450203167568,21563.37489935729,7050.450202946146
22763.37489935904,8750.450211129972,22763.37489935706,8850.450211161691
22763.37489935706,8850.450211161691,22563.37489935985,8850.450211164194
22563.37489935985,8850.450211164194,22563.37489935857,8650.450211120888
22563.37489936986,9950.450211169435,22563.37489936684,9650.450211145106
22563.37489936684,9650.450211145106,22763.37489936742,9650.4502111426
22763.37489936742,9650.4502111426,22763.37489937592,10050.45021116652
24863.37489937254,8550.450211212157,24863.37489948838,8750.45021122217
24863.37489948838,8750.45021122217,24763.37489937452,8750.450211214778
25813.37489948023,8550.450211255175,25813.37489948535,8750.45021125209
20863.37489913506,2750.450211338003,20863.37489911806,2050.450211476479
20663.37489911922,2750.450211333521,20663.37489911806,2050.45021147776
20863.37489911806,2050.450211476479,20663.37489911806,2050.45021147776
22763.3748993538,6937.950218117101,22763.37489935135,7250.450211134626
22763.37489935135,7250.450211134626,22563.37489935729,7250.450211135208
22563.37489935729,7250.450211135208,22563.37489935822,7050.450207417717
22563.37489935857,8650.450211119958,22563.37489935741,8050.450211135208
22563.37489935741,8050.450211135208,22763.37489935438,8050.450211134625
22763.37489935438,8050.450211134625,22763.37489935997,8550.450211124557
31213.37542021411,9450.450211047082,31213.37542021062,9550.450211061168
31213.37542021062,9550.450211061168,31113.37542019467,9550.450211062507
31113.37542019467,9550.450211062507,31113.37542020317,9350.45021104877
31113.37542021667,10450.45021145005,31113.37542020445,10350.45021106245
31113.37542020445,10350.45021106245,31213.37542021318,10350.45021106122
31213.37542021318,10350.45021106122,31213.37542021772,10550.45021144778
33313.37542246116,11950.45021146379,31213.37489951829,11950.45021149016
33313.37542246151,12150.45021146251,31113.37542023786,12150.4502114915
30213.37542025253,13250.45021142479,30114.73899397751,13250.45021142153
30114.73899397751,13250.45021142153,30114.73899397623,13150.45021143253
30114.73899397623,13150.45021143253,30213.37542025136,13150.45021142898
28713.3754225033,13150.45021144772,29314.73899397635,13150.45021144249
29314.73899397635,13150.45021144249,29314.73899397763,13250.4502114316
29314.73899397763,13250.4502114316,28713.37542246954,13250.45021144365
28513.37542245499,12050.45021144889,28513.37542245767,13100.45021139429
28713.3754224458,12150.45021145389,28713.37542246884,13150.45021144621
6013.374899522369,14450.45021141798,6513.374900118764,14450.45021141146
6513.374900118764,14450.45021141146,6513.374900121326,14650.45021140529
6513.374900121326,14650.45021140529,6013.374899525628,14650.45021141286
8813.374899522483,14650.45021137758,8313.374900121325,14650.45021138259
8313.374900121325,14650.45021138259,8313.374900118764,14450.45021138876
8313.374900118764,14450.45021138876,8813.374899525046,14450.45021138271
2213.374899352519,10650.4502114862,2050.174027033932,10650.45021148864
2050.174027033932,10650.45021148864,2050.174027031488,10450.45021149249
2050.174027031488,10450.45021149249,2213.374899361716,10450.45021149091
1213.373683667476,12350.45021148701,613.3748994968737,12350.45021149452
1013.37611532371,12550.4502114642,413.3748994978049,12550.45021147165
16213.374916314,19200.45021029056,16213.37491614368,19950.45021102607
16413.374916314,19200.45021033829,16413.37491618629,19750.45021084492
16213.374916314,19200.45021029056,16413.374916314,19200.45021033829
16813.37792225691,19750.45021051564,16413.37491618629,19750.45021084492
16813.37792242757,19950.45021051431,16213.37491614368,19950.45021102607
16813.37792225691,19750.45021051564,16813.37792242757,19950.45021051431
9713.37489941806,6250.450211339458,9713.374899449143,8650.450211473688
9913.374899417362,6150.450211336897,9913.374899448794,8550.450211461868
9713.374899473358,10550.45021133987,9713.374899474638,10650.45021133987
9913.374899356246,10650.45021133521,9913.374899474638,10650.45021133742
9713.374899474638,10650.45021133987,9913.374899474638,10650.45021133742
26013.3748995027,10550.45021113585,26013.37489947872,8650.450211267049
25813.37489950688,10450.45021113526,25813.37489948535,8750.45021125209
26013.37489947872,8650.450211267049,26013.3748994559,6550.450211114311
25813.37489948023,8550.450211255175,25813.37489945147,6450.450211120423
8813.374899522483,14650.45021137758,8813.374899539482,16000.45021085983
9013.374899523766,14550.45021137927,9013.374899545885,15800.4502108625
10863.37587614214,15050.08692959015,10863.37587613749,14450.45021136408
10863.37587613749,14450.45021136408,11063.3758761376,14450.45021136158
11063.3758761376,14450.45021136158,11063.37587614214,15050.08692959015
11063.3758761085,12150.45021123235,11063.37587611909,12850.45021136158
11063.37587611909,12850.45021136158,10863.37587611746,12850.45021136408
10863.37587611746,12850.45021136408,10863.37587610594,12150.45021126088
2213.374899361716,10450.45021149091,2213.374899359736,10230.39119776356
2213.374899359736,10230.39119776356,2413.374899365208,10230.39119776094
2413.374899365208,10230.39119776094,2413.37489936253,10550.45021148579
2413.374899341226,8950.450211547084,2413.374899353217,9330.391197780093
2413.374899353217,9330.391197780093,2213.374899348095,9330.391197782596
2213.374899348095,9330.391197782596,2213.374899341576,8900.450211551335
29713.37489950176,10550.4502114451,29713.37489950304,10650.4502114451
29913.37489950887,10650.45021144382,29913.37489950304,10650.45021144266
29713.37489950304,10650.4502114451,29913.37489950304,10650.45021144266
24663.37489930013,2250.450211152088,24663.37489935473,6550.450211110876
24863.37489929606,2050.450211147839,24863.3748993538,6650.450211109654
6013.374899473706,10650.45021138474,6013.374899472426,10550.45021138474
5813.374899473707,10650.45021138596,5813.374899508865,10650.45021139295
6013.374899473706,10650.45021138474,5813.374899473707,10650.45021138596
4613.374899479993,11150.45021108649,4613.374899481507,10650.45021147182
4513.374899479994,11150.45021108614,4513.374899484068,10550.45021147322
4613.374899479993,11150.45021108649,4513.374899479994,11150.45021108614
6013.374899472426,10550.45021138474,6013.374899417711,6250.450211386024
5813.374899471029,10450.4502113912,5813.37489941643,6150.450211388585
4113.374900347054,12550.45021140756,4113.374899493964,12550.45021141763
4113.374900344494,12350.45021140756,4213.374899495593,12350.45021140628
4113.374900347054,12550.45021140756,4113.374900344494,12350.45021140756
18513.37491623262,12050.45021118364,19713.37205559908,12050.45021117258
18313.37491623344,11950.45021119417,19713.37205561282,11950.45021118055
18413.37491623914,12850.45021134016,19713.3720556233,12850.45021132374
18513.37491623099,12650.45021133666,19713.37205560618,12650.45021132147
5913.374899401995,4950.450211459831,5313.374899269864,4950.450211453254
5813.374899401064,5150.450211452847,5113.37489927161,5150.450211461753
21563.37489930863,2950.45021132188,22263.37489970724,2950.450211313032
21463.37489930362,2750.450211327934,22063.37489969979,2750.450211322345
29813.3748994311,4950.450211076476,29513.37489946847,4950.450211072518
29713.37489943902,5150.450211084974,29313.37489947324,5150.450211090038
9013.374899545885,15800.4502108625,9113.374899576153,15800.45021085825
9113.374899576153,15800.45021085825,9113.374899578597,16000.4502108543
9113.374899578597,16000.4502108543,8813.374899539482,16000.45021085983
10863.37489959221,16000.45021083835,10213.3748995595,16000.45021084277
10213.3748995595,16000.45021084277,10213.37489955706,15800.45021084463
10213.37489955706,15800.45021084463,10863.37489958954,15800.45021083963
4113.374899493964,12550.45021141763,4113.374899542857,15050.45021142479
4313.374899499086,12550.45021140628,4313.374899542857,15050.4502114213
4113.374899542857,15050.45021142479,4313.374899542857,15050.4502114213
5813.374899539133,15800.45021089202,6013.37489953727,15800.45021137159
6013.37489953727,15800.45021137159,6013.374899540762,16000.45021088992
6013.374899525628,14650.45021141286,6013.3748995311,15250.45021137153
6013.3748995311,15250.45021137153,5813.374899531216,15250.4502113738
5813.374899531216,15250.4502113738,5813.374899522834,14550.45021141949
22563.37489939478,10150.45021116315,22563.37489936986,9950.450211169435
21563.37489928465,10150.45021117549,21563.37489928803,9950.450211181716
1213.374899537968,15800.4502110171,1713.373469406473,15800.45021100534
1713.373469406473,15800.45021100534,1713.373469412061,16000.45021099982
1713.373469412061,16000.45021099982,1213.374899543556,16000.4502110171
1213.374899543556,16000.4502110171,1213.374899537968,15800.4502110171
4113.374899570681,16000.45021093678,3613.373469393085,16000.4502109472
3613.373469393085,16000.4502109472,3613.373469387498,15800.4502109547
3613.373469387498,15800.4502109547,4113.374899550191,15800.45021093992
33513.37542243532,9350.950211025487,33513.3754223841,4250.450210915125
33313.37542243672,9350.450211116466,33313.37542238736,4450.450210918675
30413.37542023856,12150.45021150063,30413.37542023751,12200.45021149796
30413.37542023751,12200.45021149796,30213.37542023914,12200.45021150057
30213.37542023914,12200.45021150057,30213.37542023879,12150.45021156944
30213.37542025136,13150.45021142898,30213.37542025043,13100.45021151961
30213.37542025043,13100.45021151961,30413.37542024822,13100.45021151705
30413.37542024822,13100.45021151705,30413.37542025113,13200.45021142363
28513.37542249888,13200.45021154685,28513.37542246954,13200.45021144749
28713.37542246884,13150.45021144621,28713.3754225033,13150.45021144772
31113.37489950479,10650.45021144848,31113.3748995212,11950.45021149272
31213.37489950409,10550.45021144772,31213.37489951829,11950.45021149016
33513.37542246244,12050.45021146251,33513.37542243532,9350.950211025487
33313.37542246116,11950.45021146379,33313.37542243602,9450.45021111175
31113.3748995212,11950.45021149272,30313.37542023553,11950.45021150046
31113.37542023763,12150.4502114915,30413.37542023856,12150.45021150063
17763.37489945391,2250.450211241495,17763.37489945124,2850.450211341845
17963.37489944472,2050.45021123841,17963.37489945089,2750.450211342369
17763.37489946276,4450.450211511229,17763.37489945112,9950.450211238935
17963.37489946439,4350.4502115128,17963.37489945403,9950.450211246443
17763.37489946276,4450.450211511229,17363.1815361003,4450.450211517632
17363.1815361003,4450.450211517632,17363.18153609809,4250.45021151705
17363.18153609809,4250.45021151705,17763.37489947068,4250.450211513673
14363.37489951794,4250.450211553487,15263.18153609809,4250.450211541614
15263.18153609809,4250.450211541614,15263.18153610042,4450.450211542253
15263.18153610042,4450.450211542253,14363.37489951713,4450.450211551159
14363.37489951794,4250.450211553487,14363.37489950048,2950.450211411461
14163.37489951701,4350.450211556049,14163.3748994914,2950.450211411985
14863.37489967231,2750.450211411927,14263.37489949559,2750.450211419785
15063.3748996708,2950.450211402556,14363.37489950048,2950.450211411461
13663.37489909908,2750.450211447026,13663.37489909105,2050.450211291903
13463.37489909629,2950.450211421007,13463.37489908837,2250.450211296326
13463.37489908837,2250.450211296326,13463.37489880502,2050.450211297549
13463.37489880502,2050.450211297549,13663.37489909105,2050.450211291903
10863.37489948476,2050.450211328166,11613.37489880513,2050.45021132153
11613.37489880513,2050.45021132153,11613.37489880769,2250.450211319784
11613.37489880769,2250.450211319784,11063.3748994893,2250.450211327293
12963.37489958523,8550.450211250925,11063.37489956765,8550.450211385618
12963.37489959454,8750.450211249063,10963.37489957906,8750.450211391031
11063.37489954309,6650.450211289225,12963.37489952563,6650.450211265592
11063.37489954437,6550.45021128905,12963.37489951014,6550.450211265476
13163.37489954262,6850.450211479913,13213.37489930746,6850.450211244406
13213.37489930746,6850.450211244406,13213.37490020689,7050.450211254475
13213.37490020689,7050.450211254475,13163.37489955997,7050.450211479622
14263.37489954321,7050.450206532843,14113.37490020689,7050.450207207122
14113.37490020689,7050.450207207122,14113.37489930746,6850.45020719711
14113.37489930746,6850.45020719711,14163.37489954903,6850.450206982848
14363.37489957382,8750.450211247375,14363.37489954937,6950.450206530224
14263.37489957382,8750.450211247375,14263.37489954321,7050.450206532843
14363.37489957382,8750.450211247375,14263.37489957382,8750.450211247375
13163.37489959245,8650.450211240914,13163.3748995999,8850.450211253194
13163.3748995999,8850.450211253194,12963.37489960141,8850.450211255815
12963.37489960141,8850.450211255815,12963.37489959454,8750.450211249063
12963.3748996169,10450.45021129993,12963.37489961201,9650.450211274849
12963.37489961201,9650.450211274849,13163.37489961166,9650.45021127223
13163.37489961166,9650.45021127223,13163.37489961899,10450.45021129347
10963.37489957906,8750.450211391031,10863.37489946788,8750.450211401625
10863.37489946788,8750.450211401625,10863.3748994538,8550.450211394524
9913.374899450659,8750.450211458785,9913.374899448794,8550.450211461868
14863.37489967231,2750.450211411927,15063.37489967347,2750.450211405349
15063.37489967347,2750.450211405349,15063.3748996708,2950.450211402556
15063.37489966463,2050.450211243183,15063.37489966963,2200.45021140535
15063.37489966963,2200.45021140535,14863.37489966463,2200.45021140762
14863.37489966463,2200.45021140762,14863.37489966463,2050.450211244289
14863.37489966463,2050.450211244289,15063.37489966463,2050.450211243183
12963.37489952563,6650.450211265592,12963.37489955392,6950.450211928927
13163.37489954705,6650.450211256512,13163.37489954262,6850.450211479913
10863.37489948476,2050.450211328166,10863.37489954612,6650.45021128614
11063.3748994893,2250.450211327293,11063.37489954437,6550.45021128905
12963.37489954495,6550.450211260994,12963.37489951014,6550.450211265476
13163.37489954495,6550.450211256571,13163.37489954705,6650.45021125657
12963.37489954495,6550.450211260994,13163.37489954495,6550.450211256571
11063.37489954309,6650.450211289225,11063.37489953983,6950.45021147386
11063.37489953983,6950.45021147386,10863.3748995517,6950.450211476421
10863.3748995517,6950.450211476421,10863.37489954612,6650.45021128614
10863.37489957056,8550.450211394582,10863.37489956334,7850.45021147642
10863.37489956334,7850.45021147642,11063.37489955147,7850.45021147386
11063.37489955147,7850.45021147386,11063.37489956765,8550.450211385618
14263.37489949559,2750.450211419785,13663.37489909908,2750.450211447026
14163.3748994914,2950.450211411985,13463.37489909629,2950.450211421007
17963.37489944472,2050.45021123841,17388.37489944472,2050.450211244813
17763.37489945391,2250.450211241495,17388.3748994474,2250.450211244813
17388.37489944472,2050.450211244813,17388.3748994474,2250.450211244813
17963.37489945089,2750.450211342369,18613.37489941433,2750.45021133876
18613.37489941433,2750.45021133876,18613.37489941503,2950.45021133777
18613.37489941503,2950.45021133777,17963.37489945671,2950.450211338586
20763.37489911969,2950.450211331542,20413.37489941503,2950.450211333172
20413.37489941503,2950.450211333172,20413.37489941434,2750.450211332881
20413.37489941434,2750.450211332881,20663.37489911922,2750.450211333521
14163.37489976998,9950.4502112862,14163.37489977196,10050.45021128608
14363.37489976998,9950.450211282357,14363.37489968034,9950.450211280786
14163.37489976998,9950.4502112862,14363.37489976998,9950.450211282357
15713.37489952085,9950.450210924088,15713.37489965787,9950.450211262742
15913.37489952085,9950.450210920131,15913.37489943249,9950.450211264895
15713.37489952085,9950.450210924088,15913.37489952085,9950.450210920131
9713.374899449143,8650.450211473688,9713.374899473358,10550.45021133992
9913.374899450659,8750.450211458785,9913.37489947231,10450.45021133754
13163.37489943622,10650.45021129912,14363.37489978349,10650.45021128433
13163.37489961899,10450.45021129347,14163.37489979548,10450.45021128113
14363.37489968034,9950.450211280786,14513.37203909476,9950.450211278401
14513.37203909476,9950.450211278401,14513.37203909744,10150.45021128998
14513.37203909744,10150.45021128998,14363.37489977394,10150.45021128335
15813.37489952342,10150.45021126367,15513.37203909756,10150.45021127642
15513.37203909756,10150.45021127642,15513.37203909477,9950.450211265012
15513.37203909477,9950.450211265012,15713.37489965787,9950.450211262742
16107.39780351842,10150.45021130279,16313.37489949885,10150.45021129685
16107.39780351097,9950.450211302788,16413.37489951585,9950.45021129138
6013.374899496291,12450.45021138463,6013.374899490005,11950.45021131873
5813.374899508865,12350.45021137811,5813.374899490005,11950.45021132002
6013.374899490005,11950.45021131873,5813.374899490005,11950.45021132002
24663.37489935473,6550.450211110876,22563.37489936416,6550.450211137885
24663.37489935124,6650.450211111051,22763.37489933913,6650.450211135498
24863.3748993538,6650.450211109654,24863.37489935857,6950.450211491963
24863.37489935857,6950.450211491963,24663.37489935566,6950.450211494582
24663.37489935566,6950.450211494582,24663.37489935124,6650.450211111051
24663.37489937522,8550.450211210646,24663.37489936707,7850.450211475432
24663.37489936707,7850.450211475432,24863.37489936754,7850.450211472987
24863.37489936754,7850.450211472987,24863.37489937254,8550.450211212157
22563.37489936416,6550.450211137885,22563.37489936568,6850.450207418008
22763.37489933913,6650.450211135498,22763.3748993538,6937.950218116867
13063.37489945438,12150.45021123247,13813.3748994928,12150.45021121647
13163.37489945252,11950.45021123369,13913.37489949,11950.45021122176
15813.37489952342,10150.45021126367,16113.37489952411,10150.45021125971
15913.37489943249,9950.450211264895,16113.37489952155,9950.450211259715
14013.37489949594,12950.45021130896,14013.37489948884,12050.4502112245
13813.3748995006,13150.45021131559,13813.3748994928,12150.45021121647
16413.37491623844,13050.45021128369,16413.37491622284,12850.4502113419
16213.37491623658,12950.45021128154,16213.37491623495,12750.45021134208
21363.37489935706,6937.950212749074,21363.37489928278,10050.45021118003
21563.37489935729,7050.450202946146,21563.37489928803,9950.450211181716
14163.37489977196,10050.45021128608,14163.37489979548,10450.45021128113
14363.37489977394,10150.45021128335,14363.37489978349,10650.45021128433
17863.37489945356,10150.45021123701,18313.38062088246,10150.45021120994
17963.37489945403,9950.450211246443,18413.38062089864,9950.450211230145
1013.37611532371,12550.4502114642,1013.41688107789,15903.34876072366
1213.373683667476,12350.45021148701,1213.416881063222,15903.34632905136
1013.41688107789,15903.34876072366,1213.416881063222,15903.34632905136
28513.37542245767,13100.45021139429,28513.37542246815,13100.45021144761
28513.37542249888,13200.45021154685,28513.37542246954,13200.45021144761
28513.37542246815,13100.45021144761,28513.37542246954,13200.45021144761
30413.37542028641,15800.45021147956,30913.3696992326,15800.45021147008
30913.3696992326,15800.45021147008,30913.36969923504,16000.45021147566
30913.36969923504,16000.45021147566,30313.37542028629,16000.45021148055
33513.37542250179,16000.45021144033,32913.36969923505,16000.45021145046
32913.36969923505,16000.45021145046,32913.3696992326,15800.45021144505
32913.3696992326,15800.45021144505,33313.37542249865,15800.45021144318
30313.37542023553,11950.45021150046,30213.37542023541,11950.45021150162
30213.37542023879,12150.45021156944,30213.37542023774,12150.45021150162
30213.37542023541,11950.45021150162,30213.37542023774,12150.45021150162
4313.374899573708,15800.4502109327,4613.372038954021,15800.45021093061
4613.372038954021,15800.45021093061,4613.372038959376,16000.45021092199
4613.372038959376,16000.45021092199,4113.374899570565,16000.45021093678
6013.374899540762,16000.45021088992,5713.372038978469,16000.45021089481
5713.372038978469,16000.45021089481,5713.372038973114,15800.4502109008
5713.372038973114,15800.4502109008,5813.374899539133,15800.45021089202
4113.374899542857,15050.45021141757,4113.374899550191,15800.45021093992
4313.374899542857,15050.45021141222,4313.374899573708,15800.4502109327
4113.374899542857,15050.45021141757,4313.374899542857,15050.45021141222
9013.374899494895,12150.4502112816,10863.37587610594,12150.45021126088
8813.374899493963,11950.45021128887,10863.37587610314,11950.45021126274
13913.37489955974,17650.4502113908,16313.37491629653,17650.45021137147
14013.37489955904,17450.45021138963,16213.37491629327,17450.45021137188
13313.37490251843,17450.45021141274,13313.37490251121,16850.45021082537
13113.37490250749,17650.45021139213,13113.37490251121,16850.45021082537
13313.37490251121,16850.45021082537,13113.37490251121,16850.45021082537
13113.37490250749,17650.45021139213,13913.37489956102,17650.4502113908
13313.37490251843,17450.45021141274,13813.37489955915,17450.45021140203
18313.37491628943,17650.45021132648,18313.37491630689,18400.1959339722
18513.37491629479,17550.45021134027,18513.37491630643,18400.19593397016
13813.37489950164,14625.45021128777,13813.37489951492,15300.4502113997
14013.37489950164,14625.45021128381,14013.37489951864,15200.45021139988
13813.37489950164,14625.45021128777,14013.37489950164,14625.45021128381
4613.374899487444,10450.45021147025,4863.374899465209,10450.45021145349
4863.374899465209,10450.45021145349,4863.374899478364,10650.45021145808
4863.374899478364,10650.45021145808,4613.374899481507,10650.45021147182
5813.374899508865,10650.45021139295,5763.374899497456,10650.45021139894
5763.374899497456,10650.45021139894,5763.374899484184,10450.45021139417
5763.374899484184,10450.45021139417,5813.374899471029,10450.4502113912
2213.37489936125,11350.45021141606,4513.374899501879,11350.45021145698
2413.374899374754,11150.45021141827,4613.374899499318,11150.45021145744
2413.374899341692,8850.450211549822,2413.374899286046,4450.450211431776
2213.374899341576,8900.450211551335,2213.374899281855,4250.450211432357
24213.37489954368,15800.45021114737,24613.37203892643,15800.45021114534
24613.37203892643,15800.45021114534,24613.37203892783,16000.45021113916
24613.37203892783,16000.45021113916,24013.37489953261,16000.45021114871
26013.37489955194,16000.45021113486,25713.37203890874,16000.45021113154
25713.37203890874,16000.45021113154,25713.37203890734,15800.45021113771
25713.37203890734,15800.45021113771,25813.37489954076,15800.45021113625
21563.37489935834,6850.450202946496,21563.37489930863,2950.45021132188
21363.37489935706,6937.95021275274,21363.37489930479,2950.450211324848
30213.37542025253,13250.45021142479,30213.37542028478,15800.45021148632
30413.37542025113,13200.45021142363,30413.37542028641,15800.45021147956
28513.37542246954,13200.45021144749,28513.37542248712,14450.45021109615
28713.37542246954,13250.45021144365,28713.37542248654,14548.36340360047
13163.37489955997,7050.450211479622,13163.37489956521,7250.450211259305
13163.37489956521,7250.450211259305,12963.37489955892,7250.450211263846
12963.37489955892,7250.450211263846,12963.37489955392,6950.450211928927
12963.37489958523,8550.450211250925,12963.37489957464,8050.450211263905
12963.37489957464,8050.450211263905,13163.37489958151,8050.450211259365
13163.37489958151,8050.450211259365,13163.37489959245,8650.450211239982
14363.37489955054,6950.450206530224,14363.37489951713,4450.450211551159
14163.37489954903,6850.450206982848,14163.37489951701,4350.45021155599
22563.37489939478,10150.45021116315,22563.37489938209,10550.45021117758
22763.37489937592,10050.45021116652,22763.37489936451,10450.45021117135
16413.3749162282,12650.45021134109,16413.3749162204,11950.4502112022
16213.37491623495,12750.45021134208,16213.37491621772,12050.45021120593
17763.37489945124,2850.450211341845,17763.37489947068,4250.450211513673
17963.37489945671,2950.450211338586,17963.37489946439,4350.450211511694
18513.3749163062,18500.19593397126,19813.37205556893,18500.19593398337
18513.37491630643,18400.19593397016,19713.37205557044,18400.19593398139
18513.37205556625,12850.44972294377,18513.37205557021,12950.44972342224
18513.37205557021,12950.44972342224,18313.37205556881,12950.44972342509
18313.37205556881,12950.44972342509,18313.37205556625,12850.44972294657
18313.37205556625,12850.44972294657,18513.37205556625,12850.44972294377
18313.37205563214,17450.45021138189,18313.37205558453,14050.44972340594
18313.37205558453,14050.44972340594,18513.37205558569,14050.4497234032
18513.37205558569,14050.4497234032,18513.37205563249,17550.45021134027
18513.3749163062,18500.19593397126,18513.3749163062,18550.45070011827
18513.3749163062,18550.45070011827,18313.37491630457,18550.45070012106
18313.37491630457,18550.45070012106,18313.37491630689,18400.1959339722
18313.37491633041,19950.45021134394,18313.37491632133,19650.45070012106
18313.37491632133,19650.45070012106,18513.37491632168,19650.45070011827
18513.37491632168,19650.45070011827,18513.37491632389,19750.45021133794
4313.374899499086,12550.45021140628,4513.374899517828,12550.45021140244
4213.374899495593,12350.45021140628,4513.374899514452,12350.45021141687
18413.38062091878,10550.45021118963,18413.38062092169,10150.45021123154
18313.38062087955,10550.45021122956,18313.38062088246,10150.45021120994
19213.37489948814,10550.45021120284,18613.37489930351,10550.45021122735
19413.37489947277,10650.45021122001,18613.37489930525,10650.45021122735
19213.37489948593,10150.45021122153,19213.37489948814,10550.45021120284
19413.37489946998,10150.45021122706,19413.37489947277,10650.45021122001
16313.37489949885,10150.45021129685,16313.37489950886,10650.45021125884
16513.37489951352,10150.45021128451,16513.37489952144,10550.45021125971
16513.37489952144,10550.45021125971,16513.3806209033,10650.45021125692
16513.3806209033,10650.45021125692,16313.37489950886,10650.45021125884
18413.38062089795,10650.45021122921,18313.3806209033,10650.45021123148
18313.3806209033,10650.45021123148,18313.38062090167,10550.45021122432
18413.38062089783,10650.45021122921,18613.37489930502,10650.45021122619
18413.38062091878,10550.45021118963,18613.37489930351,10550.45021122618
18413.38062092169,10150.45021123154,19213.37489948593,10150.45021122153
18413.38062089864,9950.450211230145,19313.37489945939,9950.450211218853
19413.37489946998,10150.45021122706,19613.37489946521,10150.45021121512
19313.37489945939,9950.450211218853,19613.37489946276,9950.450211215128
19613.37489946521,10150.45021121512,19613.37489946276,9950.450211215128
16513.37489951352,10150.45021128451,17863.37489945613,10150.45021123701
16413.37489951585,9950.45021129138,17763.37489945112,9950.450211238935
4613.374899514452,12350.45021139336,4913.374900325052,12350.45021139004
4913.374900325052,12350.45021139004,4913.374900327614,12550.45021139947
4913.374900327614,12550.45021139947,4513.374899517828,12550.45021140244
5813.374899494429,12550.45021139056,5713.374900308521,12550.45021139219
5713.374900308521,12550.45021139219,5713.374900306076,12350.45021137985
5713.374900306076,12350.45021137985,5813.374899508865,12350.45021137811
4513.374899484068,10550.45021147322,4513.374899488375,10300.45021113538
4513.374899488375,10300.45021113538,4613.374899482089,10300.45021113596
4613.374899482089,10300.45021113596,4613.374899487444,10450.45021147025
4613.374899498154,8850.450211522057,4613.374899487444,9500.450211135965
4613.374899487444,9500.450211135965,4513.37489949373,9500.450211135267
4513.37489949373,9500.450211135267,4513.374899494662,8950.450211520487
19813.37205562761,12850.45021130412,19813.37205562737,12950.44972343225
19813.37205562737,12950.44972343225,19713.37205562737,12950.44972343126
19713.37205562737,12950.44972343126,19713.3720556276,12850.45021130308
19713.3720556276,12850.45021130308,19813.37205562761,12850.45021130412
19713.37205557044,18400.19593398139,19713.37205561608,14050.44972343126
19713.37205561608,14050.44972343126,19813.37205561596,14050.44972343231
19813.37205561596,14050.44972343231,19813.37205556893,18500.19593398337
19813.37205560432,12650.45021131798,19813.37205559734,12050.4502111795
19713.37205560618,12650.45021132147,19713.37205559908,12050.45021117258
19713.3720556233,12850.45021132374,21013.37489964717,12850.45021130226
19813.37205560432,12650.45021131798,21013.37489962598,12650.45021130273
19813.37205559734,12050.4502111795,21013.37489961108,12050.4502111685
19713.37205561282,11950.45021118055,21113.3748996254,11950.45021116774
21213.37489967359,15050.45021106111,21613.36917640405,15050.45021105412
21613.36917640405,15050.45021105412,21613.36917640568,15250.4502110568
21613.36917640568,15250.4502110568,21213.37489967324,15250.45021106012
24013.37489952714,15250.45021103934,23613.36917640556,15250.4502110419
23613.36917640556,15250.4502110419,23613.36917640405,15050.45021103934
23613.36917640405,15050.45021103934,24013.37489953657,15050.45021104027
21213.37489967359,15050.45021106111,21213.37489964356,12750.45021130721
21013.37489967091,15150.45021106384,21013.37489964717,12850.45021130226
24013.37489952714,15250.45021103934,24013.37489953261,16000.45021114871
24213.37489953611,15150.45021103951,24213.37489954368,15800.45021114737
21563.37489928465,10150.45021117549,21563.37489926265,10850.45021119318
21563.37489926265,10850.45021119318,21363.37489926311,10850.45021118841
21363.37489926311,10850.45021118841,21363.37489928278,10050.45021118003
21363.37489923739,11950.44972353953,21363.37489923925,11850.45021118841
21363.37489923925,11850.45021118841,21563.37489923645,11850.45021119318
21563.37489923645,11850.45021119318,21563.37489923739,11950.4497235443
21563.37489923739,11950.4497235443,21363.37489923739,11950.44972353953
10863.37489958034,15050.45021084015,10863.37489958954,15800.45021083963
11063.37489958034,15050.45021083765,11063.37489959012,15800.45021085296
10863.37489959221,16000.45021083835,11163.38061098018,16000.45021083462
11063.37489959012,15800.45021085296,11163.38061097761,15800.45021083462
11163.38061098018,16000.45021083462,11163.38061097761,15800.45021083462
10863.37015283477,11950.45021123282,11163.37015284513,11950.45021123759
11163.37015284513,11950.45021123759,11163.37015284594,12150.45021123055
11163.37015284594,12150.45021123055,11063.3758761085,12150.45021123235
13063.36917618426,12150.45021122485,12063.37015282685,12150.45021122717
12063.37015282685,12150.45021122717,12063.37015282604,11950.45021123393
12063.37015282604,11950.45021123393,12963.3748994538,11950.45021122438
13813.37489951492,15300.4502113997,13813.37489955915,17450.45021140203
14013.37489951899,15400.45021139761,14013.37489955904,17450.45021138963
