23361.75847924389,15977.92584590835,20561.75847935472,15977.92584593035
6374.49768891795,6027.925846253875,8474.49768891795,6027.925846227332
59599.02317577849,6027.925846253875,57499.02317577849,6027.925846227332
53661.76238556094,11927.92584626016,53661.76238555628,12127.92584607925
41761.76238572776,4227.925845795663,41761.7623857252,4427.925845795663
12311.76133951188,11927.92584626016,12311.76133951654,12127.92584607925
24211.76133934506,4227.925845795663,24211.76133934762,4427.925845795663
57713.12232825875,6027.925846214643,59813.12232825874,6027.925846241185
52511.76523785797,11927.92584608519,50511.76523785798,11927.92584606842
52511.76523785705,12027.92584608519,50511.76523785705,12027.92584606842
49211.76236871576,17427.92584622465,48411.76236871576,17427.92584621581
49211.76236871343,17627.92584622465,48411.76236871343,17627.92584621581
49761.93779273265,2027.925846116621,51861.93779273265,2027.925846143629
50111.75952477699,10627.92584614072,48311.75952477699,10627.92584611045
50111.75952477874,10527.92584614072,48311.75952477874,10527.92584611045
37711.77240156352,6327.926334165157,39811.77240156352,6327.926333854328
8260.40139681396,6027.925846214643,6160.401396813961,6027.925846241185
13461.75848721484,11927.9258460853,15461.75848721484,11927.92584606831
13461.75848721566,12027.9258460853,15461.75848721565,12027.92584606831
16761.76135635706,17427.92584622465,17561.76135635706,17427.92584621581
16761.76135635927,17627.92584622465,17561.76135635927,17627.92584621581
16211.58593234016,2027.925846116621,14111.58593234016,2027.925846143629
15861.76420029571,10627.92584614072,17661.76420029571,10627.92584611045
15861.76420029408,10527.92584614072,17661.76420029408,10527.92584611045
28261.75132352433,6327.926334165157,26161.75132352433,6327.926333854328
50211.76236875499,19727.92584622989,48211.76236868573,19727.92584620661
50461.76236875662,19977.92584623175,48211.76236868258,19977.92584620661
45611.76238528887,19727.92584617366,45611.76238533451,15727.92584604828
45361.76238528655,19977.92584617075,45361.76238533219,15977.92584604351
45611.76238533451,15727.92584604828,40811.76238547386,15727.9258460016
45361.76238533219,15977.92584604351,40811.76238546967,15977.92584599927
33311.76186251179,15727.9258460399,33311.76186262553,4477.925845801135
33111.76186251167,15727.92584604188,33111.76186262529,4477.925845766444
32861.75613925576,4477.925845777037,33211.76186262495,4477.925845781461
32861.7561392589,4227.925845777037,33211.76186262809,4227.925845781461
32861.75613925576,4477.925845777037,32861.7561392589,4227.925845777037
35711.76238559948,4227.925357417324,35711.76238559925,5027.925846175993
35911.76238560204,4427.925357485892,35911.76238559925,5027.925846178787
35711.76238559925,5027.925846175993,35911.76238559925,5027.925846178787
56711.76238560774,6027.92584620044,57713.12232824687,6027.925846216739
57713.12232824687,6027.925846216739,57713.1223282443,6227.925846217203
57713.1223282443,6227.925846217203,56911.762385611,6227.92584620824
60411.76238559587,6227.925846252361,59813.1223282634,6227.925846243747
59813.1223282634,6227.925846243747,59813.12232826596,6027.925846243397
59813.12232826596,6027.925846243397,60211.76238556408,6027.925846244677
61511.76238574325,5127.925846317321,61511.76238575617,4227.925357467032
61311.76238574499,4927.925846365051,61311.76238575221,4427.925357434786
61511.76238576572,4227.925846262838,61511.76238575244,4477.925846261674
63811.7623859422,4477.925846291593,63661.76238596886,4477.925846293106
63661.76238596886,4477.925846293106,63661.76238597212,4227.925846288799
50211.76240687507,17427.92584623874,50211.7625976983,16927.92580810376
50211.7625976983,16927.92580810376,50411.76259769852,16927.92588443158
50411.76259769852,16927.92588443158,50411.76240687915,17427.925357442
50411.76318923866,15377.92584622826,50411.76301750137,15827.92588443169
50411.76301750137,15827.92588443169,50211.76301750359,15827.92580810376
50211.76301750359,15827.92580810376,50211.76322740355,15277.92580803705
48111.76236877327,12027.92584606493,48111.7623687749,12627.92584619927
48311.76236879422,11927.92584605993,48311.76236878468,12727.92584620638
45611.76238538014,12627.92584617192,45611.76238539482,12027.92584603967
45411.76238536827,12727.92584616994,45411.76238538865,12127.92584603199
52611.76238553125,12027.92584608961,52511.76523787812,12027.92584608763
52511.76523787812,12027.92584608763,52511.76523787894,11927.92584608414
52511.76523787894,11927.92584608414,52711.76238552135,11927.92584608693
50211.76236878328,11927.92584606097,50511.76523784087,11927.92584606342
50511.76523784087,11927.92584606342,50511.76523784005,12027.92584607087
50511.76523784005,12027.92584607087,50411.76236878095,12027.9258460711
52611.76238552415,12927.92584618263,50411.76236877082,12927.92584615515
52611.76242367776,13127.9258461803,50411.76240693677,13127.92584615282
50211.76322740355,15277.9258843622,50211.76297935394,14627.92588440841
50211.76297935394,14627.92588440841,50411.76297935894,14627.92580808583
50411.76297935894,14627.92580808583,50411.76318924331,15177.92584622419
50411.76240693677,13127.92584615282,50411.76255958474,13527.92580808594
50411.76255958474,13527.92580808594,50211.76255957973,13527.92588440853
50211.76255957973,13527.92588440853,50211.76236877455,13027.92588431016
52811.76324415013,15277.9258080693,52811.76238551344,13027.92580801738
52611.76320599116,15177.92584625178,52611.76242367776,13127.9258461803
52611.76320599116,15177.92584625178,50411.76318924331,15177.92584622419
52611.76320598325,15377.92584625585,50411.76318923866,15377.92584622826
57611.76238552031,11927.92535799171,57611.76238548794,14527.92584624456
57811.76238552031,11927.92535799428,57811.76238548667,14427.92584624561
57611.76238552031,11927.92535799171,57811.76238552031,11927.92535799428
60811.76238548876,14527.92604132183,60811.7655060975,12927.92584580358
60611.76258052855,14427.925846281,60611.76550610018,12927.92584578344
64411.76238564313,11127.9258462959,64411.76238573055,4227.925846310569
64161.76238564301,11127.92584629147,64161.7623857273,4477.925846293455
40811.76238550785,10627.92584600102,40811.76238545348,10627.9258460037
40611.76238550785,10627.92584599974,40611.76238545605,10427.92584599927
40811.76238550785,10627.92584600102,40611.76238550785,10627.92584599974
40811.76238545815,16877.92584599625,40811.76238546967,15977.92584599927
40611.76238544383,16677.9258459959,40611.76238547036,15877.92584599741
43861.76238567561,10627.92584603967,43861.76238565663,12127.92584602116
44061.76238567304,10527.92584604071,44061.7623856479,11927.92584602721
53661.76238556012,12127.92584609427,53661.76238557899,10627.92584616551
53461.76238555384,11927.92584608274,53461.7623855727,10427.92584616051
50211.7623687182,17627.92584623874,49211.76236871448,17627.92584622803
49211.76236871448,17627.92584622803,49211.76236871657,17427.92584623164
49211.76236871657,17427.92584623164,50211.76240687507,17427.92584623874
48311.76236871716,17427.92584621778,48411.76236871669,17427.92584622279
48411.76236871669,17427.92584622279,48411.76236871448,17627.9258462193
48411.76236871448,17627.9258462193,48311.76236871622,17627.9258462179
56711.76238553428,10427.92584620044,53461.7623855727,10427.92584616051
56711.76238557456,10627.92584620288,53661.76238557899,10627.92584616551
43861.76238562171,10427.92584603769,40611.76238545605,10427.92584599927
43861.76238567561,10627.92584603967,40811.76238545348,10627.9258460037
45511.7623853862,11927.92584603292,44061.7623856479,11927.92584602721
45411.76238538865,12127.92584603199,43861.76238565663,12127.92584602116
37911.7618625544,12127.925846325,37911.76186254288,13127.9258463115
38111.76186255684,12027.92584631406,38111.76186254241,13077.9258462867
62011.75325022677,11377.92584628577,64311.76238563987,11377.92584629555
62011.75325022782,11127.92584628577,64161.76238564301,11127.92584629147
62011.75325022677,11377.92584628577,62011.75325022782,11127.92584628577
56711.76238557456,10627.92584620288,56711.76238553731,10627.92584620265
56911.76238553847,10527.92584620498,56911.76238553731,10627.92584620498
56711.76238553731,10627.92584620265,56911.76238553731,10627.92584620498
57611.76238548794,14527.92584624456,57611.76238547188,15727.92584572209
57811.76238548329,14627.92584624561,57811.76238546944,15727.92584572616
41961.76238571368,2277.925846013826,41961.762385689,4427.925846030939
41961.762385689,4427.925846030939,41761.76238569028,4427.925846028379
41761.76238569028,4427.925846028379,41761.76238571495,2277.925846020695
41761.76238566234,6427.925846271803,41761.76238567887,5327.925846009286
41761.76238567887,5327.925846009286,41961.76238567758,5327.925846011731
41961.76238567758,5327.925846011731,41961.76238566117,6427.925846275527
60811.76238547933,15727.92584578542,60811.76238548888,14527.92584628368
60611.7623854798,15727.92584578146,60611.76238549214,14627.92584628088
44061.76238565699,10127.92584604956,47211.76095512432,10127.92584609706
43861.76238562788,9927.92584604328,47311.76095512735,9927.925846094618
46811.76522940646,14057.92584602046,46811.7652294621,18477.9258460186
46911.76522940645,14057.9258460193,46911.76522946211,18477.92584601743
46811.76522940646,14057.92584602046,46911.76522940645,14057.9258460193
46811.7652294621,18477.9258460186,46911.76522946211,18477.92584601743
37911.76186254288,13127.9258463115,37911.7618625232,14427.92584596109
38111.76186254765,13177.9258462867,38111.76186253193,14427.92584596784
48661.76238557514,2027.925845788796,48661.76238556105,2777.925846134898
48861.7623855635,2227.925845761205,48861.76238556106,2777.925846136528
48661.76238556105,2777.925846134898,48861.76238556106,2777.925846136528
49256.93779273941,2027.925846110102,49761.93779272788,2027.9258461186
49761.93779272788,2027.9258461186,49761.93779272532,2227.925846118018
49761.93779272532,2227.925846118018,49256.93779273684,2227.925846110102
49256.93779273684,2227.925846110102,49256.93779273941,2027.925846110102
55161.76238618411,2227.925846186354,55011.76238619295,2227.925846185772
55011.76238619295,2227.925846185772,55011.76238619552,2027.925846186354
55011.76238619552,2027.925846186354,55161.76238618667,2027.925846186354
51861.93779272788,2027.925846145608,53161.76238619552,2027.925846162489
53161.76238619552,2027.925846162489,53161.76238619296,2227.925846161907
53161.76238619296,2227.925846161907,51861.93779272532,2227.925846145026
51861.93779272532,2227.925846145026,51861.93779272788,2027.925846145608
53461.76238541228,8727.925846101254,56711.76238555617,8727.92584633164
53661.76238541845,8527.925846114873,56711.76238556991,8527.925846331058
53661.76238546164,6627.926334172375,53661.76238544208,7227.925846128029
53661.76238544208,7227.925846128029,53461.76238544674,7227.92584612349
53461.76238544674,7227.92584612349,53461.76238546443,6427.926334172841
53461.76238541228,8727.925846101254,53461.76238542858,8027.925846123491
53461.76238542858,8027.925846123491,53661.76238542392,8027.925846128029
53661.76238542392,8027.925846128029,53661.76238541845,8527.925846114873
52261.76238524185,9927.925846147587,52261.76238525523,9927.925846150614
52461.76238524184,9927.925846151546,52461.76238525547,9927.925846148635
52261.76238524185,9927.925846147587,52461.76238524184,9927.925846151546
56711.76238560774,6027.92584620044,56711.76238560308,6427.926334166437
56911.762385611,6227.92584620824,56911.76238560855,6427.926334098102
53561.76238559226,9927.925846162256,52461.76238525547,9927.925846148635
53561.76238558969,10127.92584616225,52361.76238524254,10127.92584614758
53561.76238559226,9927.925846162256,53561.76238558969,10127.92584616225
53461.76238555384,11927.92584608274,52711.76238552182,11927.92584608693
53661.76238556012,12127.92584609427,52811.76238552741,12127.92584608344
52261.76238525523,9927.925846150614,50511.76238549028,9927.925846124886
52361.76238523928,10127.92584614957,50511.76238548771,10127.92584612488
46911.76522944348,12627.92584618402,46911.76522945046,12027.92584605387
46811.76522944511,12627.92584618717,46811.76522945209,12027.92584605073
48111.7623687749,12627.92584619927,46911.76522944348,12627.92584618402
48111.76236878234,12827.92584620312,46911.76522943905,12827.92584618891
48311.76236879422,11927.92584605993,46911.76522944953,11927.92584604584
48111.76236877327,12027.92584606493,46911.76522945046,12027.92584605387
52811.76238551263,13027.9258461789,52811.76238552741,12127.92584608344
52611.76238552415,12927.92584618263,52611.76238553125,12027.92584608961
50411.76236877082,12927.92584615515,50411.76236878095,12027.9258460711
50211.76236877338,13027.9258461477,50211.76236878328,11927.92584606097
50517.73948150004,9927.92584616796,50211.76095506995,9927.925846158996
50517.73948149422,10127.92584616796,50311.76095506169,10127.92584616388
65361.76238247465,11377.92584630661,65361.76238537176,15727.92584587808
65611.7623823076,11127.92584630114,65611.76238553778,15977.92584588484
38111.76186254765,13177.9258462867,38111.76186254217,13177.92584631278
38111.76186254241,13077.9258462867,38111.76186254357,13077.92584631278
38111.76186254217,13177.92584631278,38111.76186254357,13077.92584631278
65361.76238537176,15727.92584587808,62311.76238232285,15727.92584581883
65611.76238553778,15977.92584588484,62311.76238231796,15977.92584581883
48311.76236878468,12727.92584620801,48311.76236878176,12927.92584617145
48311.76236878176,12927.92584617145,48111.76236878107,12927.92584616854
48111.76236878107,12927.92584616854,48111.76236878234,12827.92584620312
48111.76236871692,17527.9258462122,48111.76236876721,13927.92584618763
48111.76236876721,13927.92584618763,48311.76236876745,13927.92584619043
48311.76236876745,13927.92584619043,48311.76236871716,17427.92584621778
52611.76320598325,15377.92584625585,52611.76242361489,17427.92535744864
52811.76324415013,15277.92588439526,52811.76242361862,17427.92535745085
43861.76238562788,9927.92584604328,43861.76238562171,10427.92584603769
44061.76238565699,10127.92584604956,44061.76238562974,10527.92584604281
45611.76238533579,15727.92584605003,45611.76238536897,12827.92584617506
45411.7623853373,15727.92584604642,45411.76238536827,12727.92584617122
48111.76236871692,17527.9258462122,48111.76236868596,19727.92584620358
48311.76236871622,17627.9258462179,48311.76236868666,19727.92584620614
44061.76667635205,6427.925846288566,41961.76238566117,6427.925846275527
44061.76667635077,6627.925846288566,41861.76238565745,6627.925846274248
44061.76667635205,6427.925846288566,44061.76667635077,6627.925846288566
56711.76238559423,6627.926334171559,56711.76238556991,8527.925846331058
56911.76238558702,6627.926334221036,56911.76238556292,8627.925846338972
53661.76238546164,6627.926334172375,55661.76238546559,6627.926334167368
53461.76238546443,6427.926334172841,55561.76238547211,6427.926334169464
56911.76238558702,6627.926334221036,56911.76238232261,6627.926334167252
56911.76238560855,6427.926334098102,56911.7623823261,6427.926334167252
56911.76238232261,6627.926334167252,56911.7623823261,6427.926334167252
56711.76238555617,8727.92584633164,56711.76238553428,10427.92584620044
56911.76238556292,8627.925846338972,56911.76238553847,10527.92584620509
60611.76667633482,12927.92584579869,60611.76550610018,12927.92584578344
60611.76667633459,12727.92584579869,60611.76589615508,12727.92584582756
60611.76667633482,12927.92584579869,60611.76667633459,12727.92584579869
62511.76238232099,15727.92584582151,62511.76238232099,12727.9258457938
62311.76238232086,15727.92584581755,62311.76238232086,12927.92584580137
55761.76238546443,6427.926334167834,55761.76238557328,6627.926334171442
55761.76238557328,6627.926334171442,55661.76238546559,6627.926334167368
56711.76238560308,6427.926334166437,56711.76238559423,6627.926334171559
48661.76381601921,6266.936867143031,48661.7638160078,9927.925846097878
48861.76381601921,6266.936867143496,48861.76381601083,9927.925846113129
48661.76381601921,6266.936867143031,48861.76381601921,6266.936867143496
36211.76186477304,11927.92584631208,36511.76283911131,11927.925846308
36511.76283911131,11927.925846308,36511.76283910875,12127.92584631557
36511.76283910875,12127.92584631557,36411.7618647749,12127.92584630637
37911.7618625544,12127.925846325,37311.76283910875,12127.92584632547
37311.76283910875,12127.92584632547,37311.76283911119,11927.92584631802
37311.76283911119,11927.92584631802,37911.76186248816,11927.92584633338
37911.76186255801,11927.92584631162,37911.76186248816,11927.92584633338
38111.76186255801,11927.92584631394,38111.76186255684,12027.92584631394
37911.76186255801,11927.92584631162,38111.76186255801,11927.92584631394
36411.76186472275,15727.92584601545,36411.76186473684,14627.92584595189
36211.76186472217,15727.92584601743,36211.76186474313,14527.92584594223
48311.75523368914,10527.92584611231,48311.75523368623,10127.92584611452
48211.7552336804,10527.92584613338,48211.7552336775,10127.92584609695
47211.76095512152,10627.92584610067,48011.76095528137,10627.92584610672
47411.76095513666,10527.92584610509,48011.76095528311,10527.92584610672
47211.76095512432,10127.92584609706,47211.76095512152,10627.92584610067
47411.76095513899,10127.92584608495,47411.76095513666,10527.92584610509
50111.76095507764,10127.92584615958,50111.76095506972,10527.92584614258
50311.76095506169,10127.92584616388,50311.76095505168,10627.92584614945
50311.76095505168,10627.92584614945,50111.75952480738,10627.92584614956
50111.75952480738,10627.92584614956,50111.75952480912,10527.92584614444
48311.75523368914,10527.92584611231,48311.75952476931,10627.92584611464
48311.75952476931,10627.92584611464,48211.75523368867,10627.9258461087
48211.7552336804,10527.92584613338,48011.76095528311,10527.92584610556
48211.75523368867,10627.9258461087,48011.76095528148,10627.92584610556
48311.75523368623,10127.92584611452,48761.76381600722,10127.9258461165
48211.75523368821,9927.925846108239,48661.7638160078,9927.925846097878
47411.76095513899,10127.92584608495,48211.7552336775,10127.92584609695
47311.76095512735,9927.925846094618,48211.75523368821,9927.925846108239
50211.76095506995,9927.925846158996,48861.76381601083,9927.925846113129
50111.76095507764,10127.92584615958,48761.76381600583,10127.9258461165
60611.76258052855,14427.925846281,57811.76238548667,14427.92584624561
60611.76238549214,14627.92584628088,57811.76238548329,14627.92584624561
57711.76238547293,15727.92584572779,53311.76238548411,15727.92584567319
57711.76238546979,15977.92584572779,53561.76238547712,15977.9258456768
53561.76238546956,17677.92535747472,53561.76238547712,15977.9258456768
53311.76238547654,17427.92535745632,53311.76238548411,15727.92584567319
60411.76238559587,6227.925846252361,60411.76238556781,5533.537868509771
60211.76238556408,6027.925846244677,60211.76238555535,5533.537868513612
53311.76238547654,17427.92535745632,52711.76238545395,17427.92535746342
53561.76238546956,17677.92535747472,52711.76238545128,17677.92535746342
60411.76238551833,4427.925357452248,61011.76095527892,4427.925357459931
60211.76238549657,4227.925357444331,61111.76095527938,4227.92535745772
40611.76238548864,14427.92584599927,38111.76186253193,14427.92584596784
40811.76238548143,14627.92584599857,38011.76186252401,14627.92584596493
40811.76238548143,14627.92584599857,40811.76238551961,12027.92584599916
40611.76238548864,14427.92584599927,40611.76238551961,12027.92584599787
40811.76238551961,12027.92584599916,40611.76238551961,12027.92584599787
40611.76238544383,16677.9258459959,38111.761862526,16677.92584597157
40811.76238545815,16877.92584599625,37911.76186253193,16877.92584596807
38111.761862526,16677.92584597157,38111.76186251377,15727.92584599974
37911.76186253193,16877.92584596807,37911.76186252052,15977.92584599764
40811.76238547386,15727.9258460016,40811.76238548783,14627.92584599718
40611.76238547036,15877.92584599741,40611.76238549051,14627.92584599613
46811.76522944511,12627.92584618717,45611.76238538014,12627.92584617192
46911.76522943905,12827.92584618891,45611.76238536897,12827.92584617506
46911.76522944953,11927.92584604584,45511.76238538643,11927.92584603292
46811.76522945209,12027.92584605073,45611.76238539482,12027.92584603967
61111.76095530058,4927.925846362606,61111.7609552809,4427.925357432108
61011.76095530639,5127.925846310802,61011.76095527892,4427.925357459931
61111.7609552809,4427.925357432108,61311.76238575221,4427.925357434786
61111.76095527938,4227.92535745772,61511.76238575617,4227.925357467032
36211.76238547445,5027.925846577742,36211.76238548842,4427.925357446078
36111.76238547445,5027.925846577742,36111.76238550006,4427.925357483331
36211.76238547445,5027.925846577742,36111.76238547445,5027.925846577742
36911.76238550437,4227.925357459116,36111.76238550064,4227.925357461561
36711.76238550204,4427.925357439792,36211.76238548842,4427.925357446078
36111.76238550064,4227.925357461561,35711.76238559948,4227.925357417324
36111.76238550006,4427.925357483331,35911.76238560204,4427.925357485892
61011.76095530639,5127.925846310802,61511.76238574325,5127.925846317321
61111.76095530058,4927.925846362606,61311.76238574499,4927.925846365051
60711.76238547677,15727.92584578716,57711.76238547398,15727.92584572779
60711.76238547188,15977.92584578716,57711.76238546908,15977.92584572779
32761.7618625636,15977.92584604991,33211.76186251121,15977.92584604549
32761.76186256115,15727.92584604991,33211.76186250865,15727.92584604549
36911.76238550216,6327.92633428134,37711.77240157399,6327.92633416376
37711.77240157399,6327.92633416376,37711.77240160357,6527.926334164575
37711.77240160357,6527.926334164575,36711.76238549982,6527.926334313703
40811.76667636288,6527.926333706364,39811.77240160368,6527.926333853513
39811.77240160368,6527.926333853513,39811.77240157411,6327.926333854211
39811.77240157411,6327.926333854211,40811.7666763333,6327.926333706364
40811.7666763333,6327.926333706364,40811.76667636288,6527.926333706364
48661.76238558469,2027.925845783208,41861.7623857117,2027.925846016737
48661.76238557293,2277.925845784139,41861.76238572032,2277.925846016737
17761.76135639024,19977.92584620661,20611.76133978849,19977.92584616935
17761.7613563871,19727.92584620661,20361.76133978604,19727.92584617238
20611.76133978849,19977.92584616935,20611.76133974274,15977.92584604537
20361.76133978604,19727.92584617238,20361.76133974052,15727.925846047
20611.76133974274,15977.92584604537,25161.76133960385,15977.92584600102
20361.76133974052,15727.925846047,25161.76133959966,15727.9258460002
32861.76186256068,15727.92584604409,32861.76186244706,4477.925845767724
32661.76186256185,15727.92584604223,32661.76186244823,4477.925845770169
30061.76133945729,4427.925357462608,30061.7613394737,5027.925846178787
30261.76133945984,4227.925357427801,30261.7613394737,5027.925846175993
30061.7613394737,5027.925846178787,30261.7613394737,5027.925846175993
9061.761339528413,6227.925846208822,8260.401396782645,6227.925846215573
8260.401396782645,6227.925846215573,8260.4013967802,6027.925846216272
8260.4013967802,6027.925846216272,9261.761339470551,6027.925846198926
5761.761339460541,6027.925846242932,6160.401396818269,6027.925846242582
6160.401396818269,6027.925846242582,6160.401396820829,6227.925846242
6160.401396820829,6227.925846242,5561.76133948138,6227.925846252944
4661.761339358561,4927.925846362141,4661.76133935146,4427.925357482749
4461.761339338538,5127.925846314294,4461.761339325732,4227.925357464005
4461.761339329341,4477.925846254922,4461.76133933586,4227.925846262954
2311.761339137955,4227.925846290196,2311.761339096161,4477.9258462881
2311.761339096161,4477.9258462881,2161.7613391326,4477.925846291593
15561.76131819507,17427.92535744177,15561.76112737871,16927.92588443204
15561.76112737871,16927.92588443204,15761.76112736964,16927.92580810411
15761.76112736964,16927.92580810411,15761.76131819251,17427.92584623606
15761.76049766915,15277.92580803705,15761.76070756702,15827.92580810411
15761.76070756702,15827.92580810411,15561.76070757598,15827.92588443204
15561.76070757598,15827.92588443204,15561.76053583556,15377.92584623001
17661.76135630409,11927.92584605993,17661.76135628814,12727.92584620638
17861.76135628151,12027.92584605317,17861.76135627988,12627.92584621348
20561.76133970455,12727.92584617238,20561.76133969489,12127.92584603315
20361.76133970339,12627.92584616807,20361.7613396886,12027.92584603257
13261.76133955146,11927.92584608693,13461.75848726245,11927.92584608076
13461.75848726245,11927.92584608076,13461.75848726327,12027.92584608228
13461.75848726327,12027.92584608228,13361.76133955705,12027.92584608076
15561.7613562971,12027.92584606225,15461.75848722509,12027.9258460654
15461.75848722509,12027.9258460654,15461.75848722427,11927.92584605806
15461.75848722427,11927.92584605806,15761.76135629478,11927.92584605853
13361.76130139587,13127.92584618204,15561.76131814035,13127.92584615445
13361.76133956415,12927.92584618437,15561.76135630723,12927.92584615678
15561.76053583405,15177.92584622605,15561.76074571923,14627.92580810038
15561.76074571923,14627.92580810038,15761.76074571644,14627.92588442296
15761.76074571644,14627.92588442296,15761.76049766915,15277.9258843622
15761.76135629827,13027.92588431016,15761.76116549065,13527.92588442308
15761.76116549065,13527.92588442308,15561.76116549344,13527.92580810038
15561.76116549344,13527.92580810038,15561.76131814035,13127.92584615445
13361.76051908235,15177.92584625352,13361.76130139587,13127.92584618204
13161.76048092257,15277.9258080693,13161.76133955938,13027.92580801738
13361.76051908537,15377.9258462576,15561.76053583556,15377.92584623001
13361.76051908235,15177.92584625352,15561.76053583405,15177.92584622605
8161.76133955251,11927.92535841046,8161.761339584757,14427.92584624922
8361.76133955251,11927.9253584079,8361.761339584758,14527.92584624456
8161.76133955251,11927.92535841046,8361.76133955251,11927.9253584079
5361.761339582894,14427.92584628449,5361.761339563569,12927.92584579857
5161.761339583826,14527.92584628496,5161.761339567295,12927.92584580055
1811.761339427712,11127.92584627925,1811.761339343427,4477.925846317204
1561.76133943202,11127.92584628193,1561.761339344592,4227.925846335482
25361.76133956497,10627.92584600102,25361.76133953284,10427.92584600125
25161.76133956497,10627.9258460023,25161.76133968802,10627.92584600556
25361.76133956497,10627.92584600102,25161.76133956497,10627.9258460023
25361.76133961293,16677.92584600079,25361.76133960245,15877.92584599869
25161.76133961549,16877.92584600125,25161.76133960385,15977.92584600102
21911.76133939977,10527.92584604071,21911.76133940874,11927.92584601837
22111.7613394014,10627.92584604165,22111.76133942015,12127.92584602221
12511.76133951735,11927.92584610102,12511.76133949861,10427.92584616027
12311.76133951106,12127.9258460945,12311.7613394922,10627.92584616528
15761.76131819251,17427.92584623606,16761.76135634856,17427.92584622861
16761.76135634856,17427.92584622861,16761.76135635066,17627.92584622768
16761.76135635066,17627.92584622768,15761.76135634984,17627.92584623618
17661.76135636137,17627.92584621545,17561.76135635066,17627.92584621907
17561.76135635066,17627.92584621907,17561.76135634856,17427.92584621988
17561.76135634856,17427.92584621988,17661.76135635322,17427.92584621522
9261.761339414208,10627.92584620253,12311.7613394922,10627.92584616528
9261.761339540984,10427.92584620009,12511.76133949861,10427.92584616027
22111.7613394014,10627.92584604165,25161.76133968802,10627.92584600556
22111.76133942934,10427.92584603967,25361.76133953284,10427.92584600125
20561.76133969489,12127.92584603315,22111.76133942015,12127.92584602221
20461.76133968662,11927.92584603292,21911.76133940874,11927.92584601837
27861.76186251598,12027.92584631406,27861.76186252972,13077.92584628379
28061.76186251761,12127.92584632058,28061.76186252995,13127.9258463115
5361.761339586387,14627.92584628437,8161.761339591043,14627.92584624922
5361.761339582894,14427.92584628449,8161.761339584757,14427.92584624922
3961.767612255337,11127.92584625725,1811.761339427712,11127.92584627925
3961.76761225848,11377.92584625725,1661.761339434115,11377.92584628577
3961.767612255337,11127.92584625725,3961.76761225848,11377.92584625725
9061.761339534347,10527.92584620498,9061.761339535513,10627.92584620498
9261.761339414208,10627.92584620253,9261.761339535515,10627.92584620265
9061.761339535513,10627.92584620498,9261.761339535515,10627.92584620265
8161.761339591043,14627.92584624922,8161.761339604897,15727.9258457257
8361.761339584758,14527.92584624456,8361.761339591276,15727.92584572314
24211.76133935717,2277.925846021393,24211.76133938662,4427.925846025234
24211.76133938662,4427.925846025234,24011.76133938755,4427.925846027796
24011.76133938755,4427.925846027796,24011.76133936008,2277.925846014641
24011.7613394127,6427.926156594421,24011.76133939896,5327.925846027913
24011.76133939896,5327.925846027913,24211.76133939803,5327.925846025235
24211.76133939803,5327.925846025235,24211.76133940979,6427.926186820728
5361.761339598726,15727.92584576993,5361.761339586387,14627.92584628437
5161.761339610601,15727.92584577389,5161.761339583826,14527.92584628484
22111.76133942318,9927.925846043165,18661.76276994536,9927.925846094618
21911.76133945507,10127.92584604479,18761.76276993348,10127.92584609229
19061.75849566636,14057.9258460193,19061.75849561071,18477.92584601743
19161.75849566636,14057.92584602046,19161.75849561071,18477.9258460186
19061.75849566636,14057.9258460193,19161.75849566636,14057.92584602046
19061.75849561071,18477.92584601743,19161.75849561071,18477.9258460186
27861.76186252693,13177.92584628379,27861.76186254264,14427.92584596086
28061.76186252995,13127.9258463115,28061.76186254043,14427.92584596144
17111.76133950781,2227.925845741764,17111.76133951176,2777.925846136528
17311.76133949628,2027.925845808586,17311.76133951176,2777.925846134898
17111.76133951176,2777.925846136528,17311.76133951176,2777.925846134898
16716.58593233597,2227.925846110102,16211.58593235891,2227.925846118949
16211.58593235891,2227.925846118949,16211.58593235634,2027.92584611697
16211.58593235634,2027.92584611697,16716.58593233341,2027.925846110102
16716.58593233341,2027.925846110102,16716.58593233597,2227.925846110102
10811.76133888813,2027.925846186354,10961.76133885052,2027.925846184724
10961.76133885052,2027.925846184724,10961.76133885308,2227.92584618682
10961.76133885308,2227.92584618682,10811.76133889069,2227.925846186354
14111.58593235891,2227.925846146074,12811.76133885308,2227.925846162838
12811.76133885308,2227.925846162838,12811.76133885052,2027.925846160743
12811.76133885052,2027.925846160743,14111.58593235635,2027.925846143979
14111.58593235635,2027.925846143979,14111.58593235891,2227.925846146074
12311.76133964855,8527.92584611697,9261.761339521892,8527.925846333039
12511.76133965472,8727.92584610335,9261.761339519098,8727.925846333503
12511.76133960245,6427.926334177962,12511.76133962038,7227.925846119997
12511.76133962038,7227.925846119997,12311.76133960746,7227.925846124538
12311.76133960746,7227.925846124538,12311.76133960536,6627.926334177496
12311.76133964855,8527.92584611697,12311.7613396255,8027.925846124537
12311.7613396255,8027.925846124537,12511.76133963854,8027.925846119996
12511.76133963854,8027.925846119996,12511.76133965472,8727.92584610335
13511.76133983097,9927.925846151546,13511.76133980303,9927.92584614235
13711.76133983097,9927.925846147587,13711.76133980327,9927.925846161093
13511.76133983097,9927.925846151546,13711.76133983097,9927.925846147587
9061.761339528413,6227.925846208822,9061.76133953074,6427.926334121851
9261.761339470551,6027.925846198926,9261.761339475324,6427.926334157124
12411.76133948301,10127.92584616225,13611.76133983027,10127.92584614758
12411.76133948056,9927.925846162256,13511.76133980303,9927.92584614235
12411.76133948301,10127.92584616225,12411.76133948056,9927.925846162256
12311.76133951106,12127.9258460945,13161.76133957614,12127.92584608379
12511.76133951735,11927.92584610102,13261.76133955099,11927.92584608693
13611.76133983353,10127.92584614957,15461.7613395851,10127.92584612488
13711.76133980327,9927.925846161093,15461.76133958243,9927.925846124886
19161.75849563551,12627.92584618332,19161.75849562853,12027.92584604363
19061.75849563714,12627.92584619823,19061.75849563016,12027.92584604211
17861.76135629105,12827.92584620556,19061.75849563376,12827.92584618891
17861.76135627988,12627.92584621348,19061.75849563714,12627.92584619823
17861.76135628151,12027.92584605317,19061.75849563016,12027.92584604211
17661.76135630409,11927.92584605993,19061.75849562329,11927.92584604584
13361.76133956415,12927.92584618437,13361.76133955705,12027.92584608076
13161.76133956019,13027.92584617971,13161.76133957614,12127.92584608379
15761.76135629943,13027.92584614887,15761.76135629478,11927.92584605853
15561.76135630723,12927.92584615678,15561.7613562971,12027.92584606225
15455.7842435786,10127.92584616796,15661.76277001264,10127.92584615701
15455.78424357266,9927.92584616796,15761.76277000286,9927.925846158996
361.7613427631277,11127.92584629683,361.7613395329517,15977.92584588169
611.7613425994477,11377.92584628763,611.761339702336,15727.92584587506
27861.76186252972,13077.92584628379,27861.76186252925,13077.92584631278
27861.76186252693,13177.92584628379,27861.76186253054,13177.92584631278
27861.76186252925,13077.92584631278,27861.76186253054,13177.92584631278
361.7613395329517,15977.92584588169,3661.761342754863,15977.92584581883
611.761339702336,15727.92584587506,3661.761342749973,15727.92584581883
17861.76135629105,12827.92584620556,17861.7613562949,12927.92584618053
17861.7613562949,12927.92584618053,17661.76135629187,12927.92584618333
17661.76135629187,12927.92584618333,17661.76135628814,12727.92584620801
17661.76135635322,17427.92584621522,17661.76135630572,13927.92584620242
17661.76135630572,13927.92584620242,17861.76135630875,13927.92584619962
17861.76135630875,13927.92584619962,17861.7613563559,17527.9258462122
13161.76048092257,15277.92588439526,13161.76130145001,17427.92535746843
13361.76051908537,15377.9258462576,13361.76130145385,17427.9253574661
21911.76133945507,10127.92584604479,21911.76133944308,10527.92584604281
22111.76133942318,9927.925846043165,22111.76133942934,10427.92584603967
20561.76133973773,15727.92584604502,20561.76133970455,12727.92584617238
20361.76133973913,15727.92584604665,20361.76133970595,12827.9258461711
17661.76135636137,17627.92584621545,17661.76135639105,19727.92584620626
17861.7613563559,17527.9258462122,17861.761356385,19727.9258462037
21911.7541713736,6627.925846659,24111.76132465438,6627.92617135798
21911.75420089152,6427.925846658999,24011.7613394127,6427.926156594421
21911.7541713736,6627.925846659,21911.75420089152,6427.925846658999
9061.761339481845,6627.926334244668,9061.761339509902,8627.925846338972
9261.761339497445,6627.926334162246,9261.761339521892,8527.925846333039
12511.76133960245,6427.926334177962,10411.76133960781,6427.926334174469
12311.76133960536,6627.926334177496,10311.76133960722,6627.926334167368
9061.76133953074,6427.926334121851,9061.761342746597,6427.926334167252
9061.761339481845,6627.926334244668,9061.76134275009,6627.926334167252
9061.761342746597,6427.926334167252,9061.76134275009,6627.926334167252
9061.761339509902,8627.925846338972,9061.761339534347,10527.92584620509
9261.761339519098,8727.925846333503,9261.761339540984,10427.92584620009
5161.761339567295,12927.92584580055,5061.761339575211,12927.9258458094
5061.761339575211,12927.9258458094,5061.76133957556,12727.92584581871
5061.76133957556,12727.92584581871,5161.761339579751,12727.92584580276
3461.761342754513,12727.9258458002,4261.761339575559,12727.92584581755
4261.761339575559,12727.92584581755,4261.761339575211,12927.92584580812
4261.761339575211,12927.92584580812,3661.76134275463,12927.92584579834
3661.76134275463,15727.92584580346,3661.76134275463,12927.92584579834
3461.761342754513,15727.92584580742,3461.761342754513,12727.9258458002
10311.76133960722,6627.926334167368,10211.76133947276,6627.926334164458
10211.76133947276,6627.926334164458,10211.761339473,6427.92633415887
9261.761339497445,6627.926334162246,9261.761339475324,6427.926334157124
10211.76133954459,2027.925846138042,10211.76133957707,4277.925846178205
10411.76133954867,2227.925846216272,10411.76133957707,4277.925846175643
17111.75990905361,6266.936867143496,17111.75990906583,9927.925846128379
17311.75990905361,6266.936867143031,17311.75990906478,9927.925846114525
17111.75990905361,6266.936867143496,17311.75990905361,6266.936867143031
29561.76186030269,12127.9258463016,29461.76088595639,12127.92584630242
29461.76088595639,12127.92584630242,29461.76088595383,11927.92584631511
29461.76088595383,11927.92584631511,29761.7618602985,11927.92584630754
28061.76186250061,11927.92584632884,28661.76088595383,11927.92584632524
28661.76088595383,11927.92584632524,28661.76088595639,12127.92584631266
28661.76088595639,12127.92584631266,28061.76186251761,12127.92584632058
27861.76186251482,11927.92584631394,27861.76186251598,12027.92584631394
28061.76186251482,11927.92584631162,28061.76186250061,11927.92584632884
27861.76186251482,11927.92584631394,28061.76186251482,11927.92584631162
29761.76186034495,15727.92584601382,29761.76186032958,14527.92584594351
29561.76186034425,15727.92584601184,29561.76186033017,14627.92584594328
17761.76849140615,10527.92584610894,17761.76849140906,10127.92584610742
17661.76849136692,10527.92584612093,17661.76849136983,10127.92584610346
18561.76276995164,10527.92584611697,17961.76276978971,10527.92584610672
18761.76276993628,10627.92584611254,17961.76276979146,10627.92584610672
18561.76276994943,10127.92584609532,18561.76276995164,10527.92584611697
18761.76276993348,10127.92584609229,18761.76276993628,10627.92584611254
15661.76277001264,10127.92584615701,15661.76277002266,10627.9258461427
15861.76276996619,10127.92584614328,15861.76276997423,10527.92584615108
15861.76276997423,10527.92584615108,15861.76420029583,10627.92584613513
15861.76420029583,10627.92584613513,15661.76277002266,10627.9258461427
17761.76849138415,10627.9258461087,17661.76420029583,10627.92584610602
17661.76420029583,10627.92584610602,17661.76420029408,10527.92584613117
17761.76849138403,10627.9258461087,17961.76276979122,10627.92584610556
17761.76849140615,10527.92584610894,17961.76276978971,10527.92584610556
17761.76849138462,9927.925846108239,17311.75990906478,9927.925846114525
17661.76849136983,10127.92584610346,17211.7599090656,10127.9258461165
18661.76276994536,9927.925846094618,17761.76849138462,9927.925846108239
18561.76276994943,10127.92584609532,17761.76849140906,10127.92584610742
15861.76276996619,10127.92584614328,17211.759909067,10127.9258461165
15761.76277000286,9927.925846158996,17111.75990906583,9927.925846128379
8261.761339603034,15977.92584572779,12411.76133958208,15977.92584567261
8261.76133959989,15727.92584572779,12661.7613396028,15727.925845669
5761.761339460541,6027.925846242932,5761.761339475908,5533.537868509538
5561.76133948138,6227.925846252944,5561.761339504779,5533.537868512682
5761.76133953528,4227.925357447708,4861.762769793319,4227.92535745772
5561.761339514908,4427.925357430012,4961.762769777951,4427.925357437812
12411.76133958964,17677.92535749392,13261.76133962154,17677.92535746342
12661.76133961037,17427.92535747553,13261.76133961875,17427.92535746342
29261.76133957707,6327.926334314168,29261.7613395751,4427.925357454576
29061.76133957498,6327.926334284483,29061.76133957277,4227.925357452131
12661.76133961037,17427.92535747553,12661.7613396028,15727.925845669
12411.76133958964,17677.92535749392,12411.76133958208,15977.92584567261
25361.7613395815,14427.92584599229,25361.76133955321,12027.92584599916
25161.76133958266,14627.92584599718,25161.76133955321,12027.92584600044
25361.76133955321,12027.92584599916,25161.76133955321,12027.92584600044
25161.76133961549,16877.92584600125,28061.76186255661,16877.92584597296
25361.76133961293,16677.92584600079,27861.76186256267,16677.92584597657
28061.76186255661,16877.92584597296,28061.76186256814,15977.92584599578
27861.76186256267,16677.92584597657,27861.76186257477,15727.92584599788
25161.76133958266,14627.92584599718,27961.7618625487,14627.92584596493
25361.7613395815,14427.92584599229,27861.76186254264,14427.92584596086
25361.76133960245,15877.92584599869,25361.76133958301,14627.92584599473
25161.76133959966,15727.9258460002,25161.76133958569,14627.92584599869
19061.75849563365,12827.92584618891,20361.76133970595,12827.9258461711
19161.75849563551,12627.92584618332,20361.76133970339,12627.92584616807
19161.75849562853,12027.92584604363,20361.7613396886,12027.92584603257
19061.75849562329,11927.92584604584,20461.76133968639,11927.92584603292
4961.762769750478,5127.925846307892,4961.762769777951,4427.925357437812
4861.762769778068,4927.925846359579,4861.762769797742,4427.925357480071
4861.762769793319,4227.92535745772,4461.761339325732,4227.925357464005
4861.762769797742,4427.925357480071,4661.76133935146,4427.925357482749
29861.76133959838,5027.925846577742,29861.76133957335,4427.925357460048
29761.76133959838,5027.9258465817,29761.76133956322,4427.925357460863
29861.76133959838,5027.925846577742,29761.76133959838,5027.9258465817
29261.7613395751,4427.925357454576,29761.76133956322,4427.925357460863
29061.76133957277,4227.925357452131,29861.76133957219,4227.925357461561
29861.76133957335,4427.925357460048,30061.76133945729,4427.925357462608
29861.76133957219,4227.925357461561,30261.76133945984,4227.925357427801
4861.762769778068,4927.925846359579,4661.761339358561,4927.925846362141
4961.762769750478,5127.925846307892,4461.761339338538,5127.925846314294
32761.76186237966,15727.92584604549,29661.76186034833,15727.92584601522
32761.76186237733,15977.92584604549,29661.76186034589,15977.92584601522
17311.76133949838,2277.925845784954,24111.76133935263,2277.925846016737
17311.76133949628,2027.925845783906,24111.76133936113,2027.925846016737
52711.76238545395,17427.92535746342,50211.76236871471,17427.92535743979
52711.76238545128,17677.92535746342,50461.76236871634,17677.9253574356
62311.76238232285,15727.92584581883,60711.76238547677,15727.92584578716
62311.76238231796,15977.92584581883,60711.76238547188,15977.92584578716
5261.761339600938,15977.92584578716,8261.761339603732,15977.92584572779
5261.761339596048,15727.92584578716,8261.761339598843,15727.92584572779
13261.76133962154,17677.92535746342,15511.76135635834,17677.92535743537
13261.76133961875,17427.92535746342,15761.76135635333,17427.92535743967
3661.761342754863,15977.92584581883,5261.761339600938,15977.92584578716
3661.761342749973,15727.92584581883,5261.761339596048,15727.92584578716
37911.7618625232,14427.92584596109,36411.76186474557,14427.92584594223
38011.76186252401,14627.92584596493,36411.76186473684,14627.92584595189
36311.76186472683,15977.92584601522,37911.76186252052,15977.92584599764
36311.7618647245,15727.92584601522,38111.76186251377,15727.92584599974
36411.76186474557,14427.92584594223,36411.7618647749,12127.92584630637
36211.76186474313,14527.92584594223,36211.76186477304,11927.92584631208
29661.76186034833,15727.92584601522,27861.76186257477,15727.92584599788
29661.76186034589,15977.92584601522,28061.76186256814,15977.92584599578
27961.7618625487,14627.92584596493,29561.76186033017,14627.92584594328
28061.76186254043,14427.92584596144,29561.76186033203,14427.92584594246
29761.76186032958,14527.92584594351,29761.7618602985,11927.92584630754
29561.76186033203,14427.92584594246,29561.76186030269,12127.9258463016
33211.76186251121,15977.92584604549,36311.76186472683,15977.92584601522
33211.76186250865,15727.92584604549,36311.7618647245,15727.92584601522
33211.76186260085,4477.925845781461,33566.76043248123,4477.925845843045
33211.76186264416,4227.925845781461,33461.7652459783,4227.92584582372
63911.76238594453,4227.925846304282,63911.76238594453,2027.925845764465
63661.76238594301,4227.925846289963,63661.76238594301,2277.925845764581
63911.76238594453,2027.925845764465,56711.76667634704,2027.925845764465
63661.76238594301,2277.925845764581,56961.76667635461,2277.925845764581
63811.7623859422,4477.925846291593,64161.7623857273,4477.925846293455
63911.76238594453,4227.925846304282,64411.76238573055,4227.925846310569
55261.76238618819,2027.92584618647,55261.76238618819,177.6903171074846
55011.76238618644,2027.925846183211,55011.76238618644,427.6903171063204
55161.76238618411,2227.925846186354,55511.76238552147,2227.925846210568
55161.76238618679,2027.925846186354,55511.76238552404,2027.925846189846
49291.75809308623,2227.925845746537,49291.75809308623,427.6903171064368
49041.7580930846,2227.925845755035,49041.7580930846,177.690317107601
49291.75809308623,2227.925845746537,49041.7580930846,2227.925845755035
55261.76238618819,177.6903171074846,49041.7580930846,177.690317107601
55011.76238618644,427.6903171063204,49291.75809308623,427.6903171064368
41861.7623857117,2027.925846016737,33461.7652459783,2027.925846304515
41861.76238572032,2277.925846016737,33711.76524598202,2277.925846295318
33711.76524598202,4227.925357490665,33711.76524598202,2277.925846295318
33461.7652459783,4227.92584582372,33461.7652459783,2027.925846304515
2311.761339137955,4227.925846290196,2311.761339137955,2277.925845763184
2061.761339129573,4227.925846329195,2061.761339129573,2027.925845763068
2311.761339137955,2277.925845763184,9011.757048720303,2277.9258457633
2061.761339129573,2027.925845763068,9261.757048720887,2027.925845763184
9011.757048720303,2277.9258457633,9011.757048723213,4277.925846176808
9261.757048720887,2027.925845763184,9261.757048720887,4177.925846170871
24111.76133935449,2277.925846016737,32261.7584790979,2277.925846294969
24111.76133936311,2027.925846016737,32511.75847910163,2027.925846304283
2061.761339129573,4227.925846329195,1561.761339344592,4227.925846335482
2161.7613391326,4477.925846291593,1811.761339343427,4477.925846317204
32861.7618624445,4227.925845758061,32511.75847910163,4227.925845762485
32861.76186244706,4477.925845767724,32411.75847909941,4477.925845785885
32861.7618624445,4227.925845758061,32861.76186244706,4477.925845767724
35711.76238559599,4477.925357467731,35711.76238560832,4227.925357465053
33711.76524598202,4227.925357490665,33711.75666222574,4477.925357491014
33711.75666222574,4477.925357491014,33566.76043250917,4477.925357494157
32511.75847910163,4227.925845762485,32511.75847910163,2027.925846304283
32261.7584790979,4227.925845787399,32261.7584790979,2277.925846294969
32411.75847909941,4477.925845785885,32261.76706284918,4477.925845786118
32261.76706284918,4477.925845786118,32261.76706284603,4227.925845788446
30261.76133946322,4477.925845807654,30261.76133945682,4227.92584581266
10961.76133888812,2027.925846128263,10961.76133888801,427.6903171074845
10711.76133889464,2027.925846131522,10711.76133889453,177.6903171086487
10811.76133888813,2027.925846186354,10211.76133954459,2027.925846138042
10811.76133889069,2227.925846186354,10411.76133954867,2227.925846216272
55511.76238552404,2027.925846189846,55511.7623854933,4427.925846173431
55761.7623855259,2027.925846193106,55761.76238549831,4177.925846182628
55511.76238552404,2027.925846189846,55761.7623855259,2027.925846193106
56711.76667634704,2027.925845764465,56711.76667634693,4177.925846182628
56961.76667635461,2277.925845764581,56961.76667635159,4277.925846176808
56711.76667634693,4177.925846182628,55761.76238549831,4177.925846182628
56711.7666763503,4427.925846173431,55511.7623854933,4427.925846173431
56711.7666763503,4427.925846173431,56711.76667635135,6027.925846204048
56961.76667635159,4277.925846176808,56961.76667635135,6027.925846204048
56711.76667635135,6027.925846204048,56961.76667635135,6027.925846204048
55761.76238549027,4427.925846173431,55561.76238549796,4427.925846167727
55561.76238547211,6427.926334169464,55561.76238548527,5327.92633458169
55561.76238548527,5327.92633458169,55761.76238548469,5327.926334584136
55761.76238548469,5327.926334584136,55761.76238546443,6427.926334167834
9261.757048727635,4427.925846185073,10211.76133957032,4427.925846185073
9261.757048720887,4177.925846170871,10211.76133956718,4177.925846170871
9011.757048723213,4277.925846176808,9011.75704872333,6027.925846204048
9261.757048727635,4427.925846185073,9261.75704872333,6027.925846204048
9011.75704872333,6027.925846204048,9261.75704872333,6027.925846204048
10411.76133957707,4277.925846175643,10411.76133958103,4427.926334559688
10411.76133958103,4427.926334559688,10211.761339578,4427.92633456225
10211.761339578,4427.92633456225,10211.76133957707,4277.925846178205
10211.76133959605,6427.92633415852,10211.76133958604,5327.926334562249
10211.76133958604,5327.926334562249,10411.76133959395,5327.926334559572
10411.76133959395,5327.926334559572,10411.76133960781,6427.926334174469
36911.76238550216,6327.92633428134,36911.76238550437,4227.925357459116
36711.76238549982,6527.926334313703,36711.76238550204,4427.925357439792
41761.76238566234,6427.925846271803,40611.76238231982,6427.925846265633
41861.76238565733,6627.925846274248,40611.76238231842,6627.925846265632
40611.76238231982,6427.925846265633,40611.76238231842,6627.925846265632
29261.76133957731,6577.926334313936,28261.75132349126,6577.926334166903
28261.75132349126,6577.926334166903,28261.75132352828,6327.926334168649
28261.75132352828,6327.926334168649,29261.76133957707,6327.926334314168
29261.76133957707,6327.926334314168,29261.76133957731,6577.926334313936
25161.7570487543,6327.926333706364,26161.75132352828,6327.926333857355
26161.75132352828,6327.926333857355,26161.75132349126,6577.926333855609
26161.75132349126,6577.926333855609,25161.75704871728,6577.926333706364
25161.75704871728,6577.926333706364,25161.7570487543,6327.926333706364
24111.76132395158,6627.92617135798,25161.75417067406,6627.926333706364
24211.76133940979,6427.926186820728,25161.7542015977,6427.926333706364
49041.7580930846,2027.925845775757,48661.76238557514,2027.925845788796
49041.7580930846,2227.925845755035,48861.7623855635,2227.925845761205
16931.76563199916,2227.92584573571,16931.76563199905,177.6903171087651
16681.76563200557,2227.925845727095,16681.76563200557,427.690317107601
16931.76563199916,2227.92584573571,16681.76563200557,2227.925845727095
16931.76563199916,2227.92584573571,17111.76133950781,2227.925845741764
16931.76563199916,2027.925845795431,17311.76133949628,2027.925845808586
64311.76238563987,11377.92584629555,65361.76238247465,11377.92584630661
64411.76238564313,11127.9258462959,65611.7623823076,11127.92584630114
60811.76589618057,12727.92584579636,60911.76238552765,12727.92584579322
60911.76238552765,12727.92584579322,60911.76238552799,12927.92584580265
60911.76238552799,12927.92584580265,60811.7655060975,12927.92584580358
62311.76238232086,12927.92584580137,61711.76238550891,12927.92584580137
61711.76238550891,12927.92584580137,61711.76238550867,12727.92584579205
61711.76238550867,12727.92584579205,62511.76238232099,12727.9258457938
60811.76589618057,12727.92584579636,60811.76667632807,12327.92555301962
60611.76589615508,12727.92584582756,60611.76667632842,12327.92516294331
60811.76667632807,12327.92555301962,60611.76667632842,12327.92516294331
1561.76133943202,11127.92584628193,361.7613427631277,11127.92584629683
1661.761339434115,11377.92584628577,611.7613425994477,11377.92584628763
5361.761339563569,12927.92584579857,5361.761339556002,12327.92535839766
5161.761339579751,12727.92584580276,5161.761339556002,12327.92535839894
5361.761339556002,12327.92535839766,5161.761339556002,12327.92535839894
10961.76133888801,427.6903171074845,16681.76563200557,427.690317107601
10711.76133889453,177.6903171086487,16931.76563199905,177.6903171087651
50211.76236871471,17427.92535743979,50211.76236875499,19727.92584622989
50461.76236871634,17677.9253574356,50461.76236875662,19977.92584623175
48211.76236868573,19727.92584620661,45611.76238528887,19727.92584617366
48211.76236868258,19977.92584620661,45361.76238528655,19977.92584617075
15511.76135631806,19977.9258462349,17761.76135639024,19977.92584620661
15761.76135631305,19727.92584623303,17761.7613563871,19727.92584620661
15511.76135635834,17677.92535743537,15511.76135631806,19977.9258462349
15761.76135635333,17427.92535743967,15761.76135631305,19727.92584623303
60411.76238556781,5533.537868509771,60711.76238552264,5533.537868504416
60411.7623855592,5433.537868503601,60711.76238552136,5433.537868504416
60711.76238552264,5533.537868504416,60711.76238552136,5433.537868504416
60411.7623855592,5433.537868503601,60411.76238551833,4427.925357452248
60211.76238555535,5533.537868513612,60211.76238549657,4227.925357444331
5561.76133948103,5433.537868506628,5261.761339551462,5433.537868504416
5561.761339504779,5533.537868512682,5261.761339550181,5533.537868504416
5261.761339551462,5433.537868504416,5261.761339550181,5533.537868504416
5761.761339475908,5533.537868509538,5761.76133953528,4227.925357447708
5561.76133948103,5433.537868506628,5561.761339514908,4427.925357430012
