9210.395044141738,1042.729819588683,12010.39504324674,1042.729819608008
9210.395044141738,1142.729819588217,12010.39504324767,1142.729819584026
1110.395044124976,3742.729819523957,3810.395044559904,3742.729819602188
4010.395044567355,2692.729819592176,5210.395044570148,2692.729819593573
4010.395044567355,2792.729819592176,5210.395044570148,2792.729819593573
12010.39504324674,1042.729819584026,13010.39504251285,1042.729819577042
12010.39504324767,1242.729819584027,13010.39504251472,1242.72981957611
12010.39504324674,1042.729819584026,12010.39504324767,1242.729819584027
13010.39504251285,1042.729819577042,13010.39504251472,1242.72981957611
22310.39504364907,1842.729740948736,19210.39504406816,1842.729740894603
22310.39504367329,1942.729740988667,19210.39504406723,1942.729740894603
26110.39504436712,2942.729819398461,23910.39504363976,2942.729819461442
26110.39504436805,2742.729819398461,23910.39504363976,2742.729819461442
15110.39504220831,11442.72981953746,12510.39504599321,11442.72982032163
15110.39504219993,11642.72981979194,15110.3950421515,13492.72981911918
12510.39504603419,11642.72982032163,12510.39504603977,13492.72981910672
23910.39504406444,16542.72981890299,25310.39504339855,16542.72981858705
23910.39504402253,16742.72981890276,25310.39504339668,16742.72981858681
2510.395044628822,17592.7298205384,3710.395044631616,17592.729820537
2510.395044628822,17492.7298205384,3710.395044631616,17492.729820537
25510.39504403092,17592.72981961802,26710.39504380926,17592.72981964549
25510.39504403092,17492.72981961802,26710.39504380926,17492.72981964549
26910.39504401135,8595.068709714309,26910.39504401135,6892.729741370742
26810.39504401136,8595.068382739873,26810.39504401136,6992.729741370742
26310.39504402439,6892.729741370509,26910.39504401135,6892.729741370742
26310.39504402346,6992.729741370509,26810.39504401136,6992.729741370742
22110.395043216,17592.72981961895,23710.39504388097,17592.72981967879
22110.395043216,17492.72981961895,23710.39504388097,17492.72981967879
3910.395044101694,16542.72982653681,5510.395043994591,16542.72982610049
23710.39504362672,1842.729740761308,22510.39504362393,1842.729740762704
23710.39504362672,1942.729740761308,22510.39504362393,1942.729740762705
15810.39504253241,1042.729819513479,15810.39504253241,842.729819513479
15810.39504253241,842.729819513479,14810.39504252124,842.729819513479
14810.39504252124,1042.72981963036,14810.39504252124,842.729819513479
20210.39504450402,14520.27797615828,20210.39504450402,15728.33771191453
13010.39504251192,1042.729819569824,14810.39504252031,1042.729819566331
13010.39504251285,1142.729819567728,14810.39504252124,1142.72981954235
5710.395044259087,17592.72981967681,5710.395044259087,17792.72981967681
5710.395044259087,17792.72981967681,5510.395044198551,17792.72981961266
5510.395044198551,17592.72981961266,5510.395044198551,17792.72981961266
21810.39504380274,17592.72981962524,21810.39504380274,17792.72981962524
22110.39504333056,17592.72981972431,22110.39504333056,17792.72981972431
23710.39504388656,17592.72981959415,23710.39504388656,17792.72981959415
23910.39504395175,17592.72981946877,23910.39504395175,17792.72981946877
21810.39504380274,17792.72981962524,22110.39504333056,17792.72981972431
23710.39504388656,17792.72981959415,23910.39504395175,17792.72981959415
3710.39504447981,17592.729820537,3710.39504447981,17792.729820537
3710.39504447981,17792.729820537,3910.39504447981,17792.729820537
3910.39504447981,17792.729820537,3910.395044198551,17592.72981962314
2510.395044640929,17592.72981960847,2510.395044640929,17792.72981960847
2510.395044640929,17792.72981960847,2310.395044640929,17792.72981960847
2310.395044640929,17592.72981913804,2310.395044640929,17792.72981960847
25310.39504388097,17592.72981960416,25310.39504388097,17792.72981960416
25310.39504388097,17792.72981960416,25510.39504388097,17792.72981960416
25510.39504388097,17792.72981960416,25510.39504303067,17592.72981961802
26710.39504382136,17592.72981964549,26710.39504382136,17792.72981964549
26710.39504382136,17792.72981964549,26910.39504382136,17792.72981964549
26910.39504382136,17792.72981964549,26910.39504396107,17592.72981913536
23910.39504363324,1842.729740901123,23910.39504363324,1642.729740901122
23910.39504363324,1642.729740901122,23710.39504363324,1642.729740901122
23710.39504363324,1642.729740901122,23710.39504349354,1842.729818943509
22510.39504366025,1842.729741222429,22510.39504366025,1642.729741222429
22510.39504366025,1642.729741222429,22310.39504366025,1642.729741222429
22310.39504366025,1642.729741222429,22310.39504351962,1842.729819264816
5210.395044542209,2692.729819083441,5210.395044542209,2492.729819083441
5210.395044542209,2492.729819083441,5410.395044542209,2492.729819083441
5410.395044542209,2492.729819083441,5410.395044422068,2692.729819672968
3810.395044680045,2692.729819092522,3810.395044680045,2492.729819092522
3810.395044680045,2492.729819092522,4010.395044680044,2492.729819092522
4010.395044680044,2492.729819092522,4010.395044559904,2692.729819682048
1010.395043658383,12892.72981907087,1010.395043681667,10142.72981956843
910.3950436583837,12892.72981906993,910.3950436816667,10142.72981956749
8510.397318966046,1242.729819601722,8510.397318966046,2542.7298195654
8410.397318966046,1242.729819601722,8410.397318966046,2542.7298195654
2510.395042772696,13292.72981907564,2310.395042773627,13292.72981907564
2510.395042772696,13842.72981907564,2310.395042773627,13842.72981907564
2310.395043132186,13892.72981921312,1110.395044126839,13892.72981916272
2310.395043132186,13792.72981921312,1110.395044126839,13792.72981916272
18410.39504227723,1042.729819597764,15810.39504253241,1042.729819522792
18410.39504227723,1142.729819597763,15810.39504253241,1142.729819522792
1710.39852914802,2494.215930642997,710.3976740923825,2494.215930645558
710.3976740923825,2494.215930645558,710.3976740830694,3294.215929912374
710.3976740830694,3294.215929912374,910.3976741463993,3294.215929911909
1590.398512509942,2694.215930327045,1590.39852914802,2494.215930642997
710.3976740830694,3174.215929912374,910.3976741463993,3174.215929911909
910.3972956112702,2694.215929905157,710.39767409052,2694.215929902596
910.3972956112702,2694.215929905157,910.3972956103389,2494.215930645092
5210.395044587844,2692.729764215386,4010.359890161373,2692.72976417371
5210.395044587844,2642.72973875326,4010.359890160442,2642.730349817052
8410.39504410728,2692.950666898367,5410.395044460252,2692.729818928492
8410.395044109144,2742.950666897552,5410.395044462115,2742.729818946304
13010.39504251285,1042.729819577042,13010.39504251192,842.9580555134162
12010.39504304464,843.1862747689883,13010.39504304464,843.1862747689883
25710.39504326909,1842.501522529375,25710.39502663194,1642.501522845327
25710.39502663194,1642.501522845327,26710.39588168665,1642.501522847888
26710.39588168665,1642.501522847888,26710.3958816969,2442.501522114704
26710.3958816969,2442.501522114704,26310.39504440344,2442.501522113773
25830.39504326909,1842.501522529375,25830.39502663194,1642.501522845327
26710.3958816969,2322.501522114704,26510.39588163357,2322.501522114238
26510.39626016777,1842.501522107486,26710.39588168945,1842.501522104925
26510.39626016777,1842.501522107486,26510.39626016869,1642.501522847422
26510.39588163357,2322.501522114238,26510.395398591,2442.501522117265
10410.39973558142,16192.95803887627,10210.39430082804,16192.95803887627
17210.39035408693,16192.95803887627,17410.39578884124,16192.95803887627
6610.395042943128,13092.72981911138,5810.395042938472,13092.72981910754
3360.395044182718,8492.72981958519,3360.395044314966,9292.72981958519
14310.39504510938,6992.446537755402,13510.39504511311,6992.446484536718
23610.39504395548,7942.729819709872,23610.395043962,7142.729819706961
23610.39504462882,14242.72981920672,22810.3950446251,14242.72981921673
18199.19049212272,6992.729781522387,17399.19049212272,6992.729740837211
9910.394904552319,10342.72981975481,9910.395115266845,9542.33404637102
19410.39504410355,842.7298196033516,18410.39504227816,842.7298196028859
18410.39504227816,1042.729819597764,18410.39504227816,842.7298196028859
9210.395044141738,1242.729819607659,9210.395044141738,842.7298194932227
9210.395044141738,842.7298194932227,8210.395044130564,842.7298194932227
8210.395044130564,1042.729819610104,8210.395044130564,842.7298194932227
19410.39504410355,1242.434475969145,19410.39504410355,842.7298196033516
19410.39504410262,742.7298206344421,19410.39504410262,1542.729820634442
19410.39504410262,1542.729820634442,19210.39504407375,1542.729820629436
8210.395829548419,742.7298206151172,8210.395829548419,1542.729820615117
8210.395829548419,1542.729820615117,8410.395042773627,1542.729820615117
8210.395829548419,1242.729819607659,9210.395044141738,1242.729819607659
3910.395041552663,16742.72983385876,5510.395041445561,16742.72983342243
15310.39236966177,1242.73107203361,15310.39236965246,2542.731071997288
15410.39236966177,1242.731072034308,15410.39236965246,2542.731071997987
9810.395044236271,11142.72981962756,9710.395044505423,11142.7298197952
9710.395044505423,11142.7298197952,9710.395044502628,10942.72981969421
9710.395044502628,10942.72981969421,9810.394704912615,10942.72981980079
8610.395044327539,10942.72981981982,8710.395044502162,10942.7298197101
8710.395044502162,10942.7298197101,8710.395044505423,11142.72981981115
8710.395044505423,11142.72981981115,8610.395043978759,11142.72981964671
5460.4644424867,4642.729819574248,7660.4644424867,4642.729819588217
9410.395044143135,2542.729819583212,11610.39504414314,2542.729819590313
15310.39597112761,5892.729819590604,13510.39504552615,5892.72981958909
13510.39504552615,5892.72981958909,13510.39504552475,5692.729819579835
13510.39504552475,5692.729819579835,15310.39591476071,5692.729819628672
12510.3950456435,5692.729819648288,12610.39504582976,5692.729819586123
12610.39504582976,5692.729819586123,12610.39504583116,5892.729819595436
12610.39504583116,5892.729819595436,12510.39504566911,5892.729819610453
10010.39504426514,11542.7298196133,10010.39504426002,11142.72981972163
9810.395044242789,11642.7298196693,9810.395044236271,11142.72981962756
7610.395044642325,17892.72981908117,7610.395044649312,17492.72981959357
7410.395045014389,18092.72981910265,7410.395044811361,17592.72981960184
14810.39504253288,1242.72981963036,15810.39504254405,1242.729819513479
14810.3950425096,1042.72981963036,15810.39504252077,1042.729819513479
14810.39504253288,1242.72981963036,14810.3950425096,1042.72981963036
15810.39504254405,1242.729819513479,15810.39504252077,1042.729819513479
5210.395044315432,3542.729819448112,4610.39504430798,3542.729819589732
5410.395044530567,3742.729819376459,4710.395044186909,3742.729819380708
3810.395044551988,2892.729819601722,3810.395045018115,2692.729819657893
910.395044150122,2692.729819675879,1710.395044577599,2692.729819729954
1710.395044577599,2692.729819729954,1710.395044578996,2892.729819664004
1710.395044578996,2892.729819664004,1110.395044103556,2892.729819618427
4010.395044541743,3542.729819467844,4010.395044567355,2792.729819590779
3810.395044539415,3742.729819539672,3810.395044551988,2892.729819601722
12310.39504603698,13692.729819091,12310.39504648774,15892.72981972448
12510.39504605141,13492.7298190892,12510.39504658413,16092.72981961994
10210.39504668052,16092.72981960137,12510.39504658413,16092.72981961994
10210.39504672057,15892.72981970737,12310.39504648774,15892.72981972448
10210.39504619391,13492.72981907517,10710.39504685096,13492.72981911918
10710.39504685096,13492.72981911918,10710.39504684956,13692.72981914398
10710.39504684956,13692.72981914398,10210.39504626981,13692.7298190782
12310.39504603698,13692.729819091,11810.39504684956,13692.72981915067
11810.39504684956,13692.72981915067,11810.39504685096,13492.72981912587
11810.39504685096,13492.72981912587,12510.39504605141,13492.7298190892
10210.39504727378,18092.72981903716,9410.395046010439,18092.72981907366
9410.395046010439,18092.72981907366,9410.39504600578,17892.72981903262
9410.39504600578,17892.72981903262,10010.39504727517,17892.72981902506
7610.395044642325,17892.72981908117,8210.395046005782,17892.72981906068
8210.395046005782,17892.72981906068,8210.395046010439,18092.72981910177
8210.395046010439,18092.72981910177,7410.395045014389,18092.72981910265
10010.39504610729,13092.72981917925,10010.39504617482,13592.72981911894
10210.39504607097,12892.72981912133,10210.39504619391,13492.72981907517
26710.39504393499,12892.72981903408,23710.39504531474,12892.72981905358
26710.39504395035,13092.72981903338,23910.39504522952,13092.7298190516
17410.39504156989,15892.72981958414,15310.39504183625,15892.72981960114
17410.39504160435,16092.72981960038,15110.39504175429,16092.72981961901
17410.39504202065,13692.72981913955,16910.39504159038,13692.72981909316
16910.39504159038,13692.72981909316,16910.39504158945,13492.7298189449
16910.39504158945,13492.7298189449,17410.39504215197,13492.72981903035
15110.39504209935,13492.72981904438,15810.39504158945,13492.7298189516
15810.39504158945,13492.7298189516,15810.39504159038,13692.72981909991
15810.39504159038,13692.72981909991,15310.39504212822,13692.72981915242
17610.39504105254,17892.72981900637,18210.39504243462,17892.72981905888
18210.39504243462,17892.72981905888,18210.39504242997,18092.72981903565
18210.39504242997,18092.72981903565,17410.39504119457,18092.72981905568
20210.39504465024,18092.72981912145,19410.39504212496,18092.72981906388
19410.39504212496,18092.72981906388,19410.39504212915,17892.72981908693
19410.39504212915,17892.72981908693,20010.39504502231,17892.72981906266
17410.3950422749,12892.72981908629,17410.39504215197,13492.72981903035
17610.39504183159,13092.72981917576,17610.39504200435,13592.72981911906
8410.395044440695,11442.72981948158,7410.395042307967,11442.72981949729
8610.395043992728,11642.72981974788,7610.395042293531,11642.72981976359
8610.395043992728,11642.72981974788,8610.395043978759,11142.72981964671
8410.395044440695,11442.72981948158,8410.395044333593,11042.72981972966
26910.39504399599,8692.729819816219,26310.39504403184,8692.729819821221
26710.39504396851,8892.729819817907,26210.39504401136,8892.729819582863
26110.39504403184,8692.729819532688,26110.39504405699,7992.729819558182
26110.39504405699,7992.729819558182,26310.39504394104,7992.729819559696
26310.39504394104,7992.729819559696,26310.39504403184,8692.729819821221
26310.39504402346,6992.729819581699,26310.39504393685,7092.729819559696
26310.39504393685,7092.729819559696,26110.39504406351,7092.729819558241
22310.39504398947,8892.729819421394,22310.39504399366,8592.7298195374
22310.39504399366,8592.7298195374,22510.39504399738,8592.729819533151
22510.39504399738,8592.729819533151,22510.39504397224,8692.729819613305
22510.39504397131,6992.729741362825,22510.39504399646,7692.729819838335
22510.39504399646,7692.729819838335,22310.3950439741,7692.729819842586
22310.3950439741,7692.729819842586,22310.39504395035,7092.729741414223
22310.39504393685,3892.729819561617,21860.39504398668,3892.729819564237
21860.39504398668,3892.729819564237,21860.39504398481,3692.729819606728
21860.39504398481,3692.729819606728,22310.39504394058,3692.7298195615
19210.39504400996,3692.729819582746,19660.39504398481,3692.729819621746
19660.39504398481,3692.729819621746,19660.39504398667,3892.729819579312
19660.39504398667,3892.729819579312,19210.39504407887,3892.729819582746
21860.39504397224,3692.729819572676,19660.39504397224,3692.729819587694
23510.39504385396,8692.729819607077,23510.39504388749,7942.72981966412
23510.39504388749,7942.72981966412,23610.39504398528,7942.729819664936
23610.39504398528,7942.729819664936,23610.395043989,8692.729819545493
23610.39504400157,7092.729819632805,23610.3950439918,7142.729819664994
23610.3950439918,7142.729819664994,23510.39504389354,7142.729819664062
23510.39504389354,7142.729819664062,23510.39504386793,6892.729819638102
23510.39504385396,8692.729819607077,22510.39504397224,8692.729819613305
23610.39504394942,8892.729819596134,22310.39504398947,8892.729819421394
23910.39504364069,2942.729819366621,23910.39504362718,2042.729740965384
23710.39504373336,2742.729819539731,23710.39504362579,1942.729740902228
15110.39504209935,13492.72981904438,15110.39504175429,16092.72981961901
15310.39504212822,13692.72981915242,15310.39504183625,15892.72981960114
20110.39504518529,12892.72981908251,19210.39504375896,12892.72981916272
20010.39504512242,13092.72981888926,19110.39504384418,13092.72981908879
22310.39504395035,7092.729741414223,22260.39504400903,7092.729741424118
22260.39504400903,7092.729741424118,22260.39504400763,6892.729741421208
22260.39504400763,6892.729741421208,22310.39504400251,6892.729741417134
19210.39504403417,6892.729741437914,21360.39504400763,6892.72974142732
21360.39504400763,6892.72974142732,21360.39504400903,7092.729741430114
21360.39504400903,7092.729741430114,19210.39537673519,7092.729741434829
2510.395044628822,17592.72981960847,2510.395044254896,16742.7298191711
2310.395044628822,17592.72981964887,2310.395044245117,16642.72981916854
2510.395044628822,17592.72981960847,2310.395044628822,17592.72981964887
21910.39504331845,17342.7298197218,21910.39504345582,17192.72981942646
21910.39504345582,17192.72981942646,22110.39504332311,17192.72981950929
22110.39504332311,17192.72981950929,22110.39504316385,17592.72981970818
22110.39504370262,16292.72981939962,22110.39504365512,16392.7298192041
22110.39504365512,16392.7298192041,21910.39504379203,16392.72981912133
21910.39504379203,16392.72981912133,21910.39504380088,16192.72981925416
22110.39504338644,17192.72981930079,22110.39504371799,16392.72981930079
21010.39504209889,13092.72981905073,21810.39504209889,13092.72981905957
23710.3950447755,14242.72981924776,23610.39504450821,14242.72981926679
23610.39504450821,14242.72981926679,23610.39504450635,14142.72981916283
23610.39504450635,14142.72981916283,23710.39504492219,14142.72981911318
22110.39504457993,14142.72981913466,22810.39504450682,14142.7298191736
22810.39504450682,14142.7298191736,22810.39504450822,14242.72981927762
22810.39504450822,14242.72981927762,22110.39504461299,14242.72981926935
20210.39504319459,17342.72981973432,20210.39504509774,13092.72981898233
20010.39504317037,17492.72981959375,20010.39504512242,13092.72981888926
22110.39504316385,17592.72981970818,21810.39504391031,17592.72981972064
21810.39504391031,17592.72981972064,21810.39504390844,17342.72981959619
21810.39504390844,17342.72981959619,21910.39504331845,17342.7298197218
20210.39504319459,17342.72981973432,20910.39504390844,17342.72981960288
20910.39504390844,17342.72981960288,20910.39504391031,17592.72981972728
20910.39504391031,17592.72981972728,20210.39504485234,17592.72981972221
22110.39504503348,13092.72981914974,22710.39504510054,13092.72981907762
22010.39504518808,12892.72981906179,22710.3950451052,12892.72981907762
22710.39504510054,13092.72981907762,22710.3950451052,12892.72981907762
26710.39504393499,12892.72981903408,26710.39504392707,12292.72981951074
26710.39504392707,12292.72981951074,26910.39504398481,12292.72981951249
26910.39504398481,12292.72981951249,26910.39504397503,12992.7298190406
26910.39504399599,8692.729819816219,26910.39504399785,9592.729819817614
26910.39504399785,9592.729819817614,26710.39504394942,9592.729819815984
26710.39504394942,9592.729819815984,26710.39504396851,8892.729819817907
7610.39504277968,12892.72981910521,8910.395046243735,12892.7298191346
8910.395046243735,12892.7298191346,8910.39504624327,13092.72981922517
8910.39504624327,13092.72981922517,7610.395042860706,13092.72981916441
10010.39504610729,13092.72981917925,9910.395045937796,13092.7298192314
9910.395045937796,13092.7298192314,9910.395045939193,12892.72981914077
9910.395045939193,12892.72981914077,10210.39504607097,12892.72981912133
3710.395044390869,17592.72981964241,3710.395044324279,17392.72981924107
3710.395044324279,17392.72981924107,3910.395044291217,17392.72981916697
3910.395044174336,16542.72981899054,3910.395044087723,16842.72981916703
3910.395044087723,16842.72981916703,3710.395044120786,16842.72981924107
3710.395044120786,16842.72981924107,3710.395044076082,16742.72981917983
3910.395044408564,17392.72981906883,3910.395044204604,16842.72981906883
3710.395044408564,17392.72981914299,3710.395044204604,16842.72981914299
2510.395044254896,16742.7298191711,3710.395044076082,16742.72981917983
2510.395044226025,16542.7298189803,3910.395044174336,16542.72981899054
25310.39504303906,17392.72981960929,25510.39504346746,17392.72982811803
25510.39504346746,17392.72982811803,25510.3950431876,17592.72981970556
25510.3950435429,16742.7298193498,25510.3950436975,16842.72982811808
25510.3950436975,16842.72982811808,25310.3950433138,16842.72982803438
25310.3950433138,16842.72982803438,25310.39504339435,16542.72981939724
25310.39504312101,17392.72982818997,25310.39504335105,16842.72982818997
25510.39504312101,17392.72982827367,25510.39504335105,16842.72982827367
26710.39504392614,16542.72981944636,25310.39504339435,16542.72981939724
26710.39504400483,16742.72981939194,25510.3950435429,16742.7298193498
23710.39504422556,16292.72981938909,23460.39504437829,16292.72981936668
23460.39504437829,16292.72981936668,23460.3950443769,16092.72981931936
23460.3950443769,16092.72981931936,23710.39504419296,16092.72981936016
22110.39504381066,16092.72981937075,22360.39504468191,16092.72981932663
22360.39504468191,16092.72981932663,22360.39504468377,16292.72981937389
22360.39504468377,16292.72981937389,22110.39504370262,16292.72981939962
26110.39504403184,8692.729819532688,23610.395043989,8692.729819545493
26210.39504401089,8892.729819582863,23610.39504394942,8892.729819596134
26110.39504404442,6892.729819623666,23510.39504386793,6892.729819638102
26110.39504404302,7092.729819619009,23610.39504400157,7092.729819632805
26310.39504402346,6992.729819581699,26310.39504444489,1842.729740842391
26110.39504404442,6892.729819623666,26110.39504445001,2042.729740976501
19010.39504384511,12892.72981907657,19010.39504368027,12792.72981889846
19010.39504368027,12792.72981889846,19210.39504379855,12792.72981890282
19210.39504379855,12792.72981890282,19210.39504375896,12892.72981916272
19210.39504387538,11542.72981968635,19210.39504388423,11792.729819208
19210.39504388423,11792.729819208,19010.39504370169,11792.72981920358
19010.39504370169,11792.72981920358,19010.39504387212,11642.72981968932
26910.39504380926,17592.72981964619,26910.39504381578,16642.72981942011
26710.39504380926,17592.72981964549,26710.39504400483,16742.72981939194
26910.39504380926,17592.72981964619,26710.39504380926,17592.72981964549
23910.39504388097,17592.72981961546,23910.39504302927,17592.72981971854
23710.39504388097,17592.72981959404,23710.39504390239,17492.72981959473
23910.39504388097,17592.72981961546,23710.39504388097,17592.72981959404
22110.39504381066,16092.72981937075,22110.39504461299,14242.72981926935
21910.39504380088,16192.72981925224,21910.39504464558,14242.72981918425
20110.39504518668,12892.72981904083,21010.39504218736,12892.72981911959
21010.39504218736,12892.72981911959,21010.39504218503,13092.7298190016
21010.39504218503,13092.7298190016,20210.39504509774,13092.72981898233
21910.39504525188,13092.72981900102,21810.39504218503,13092.72981901039
21810.39504218503,13092.72981901039,21810.39504218736,12892.72981912843
21810.39504218736,12892.72981912843,22010.39504518668,12892.72981906179
26910.39504394896,16642.72981942011,26910.39504397503,12992.7298190406
26710.39504392614,16542.72981944636,26710.39504395035,13092.72981903338
23910.395044179,16192.72981928414,23910.39504479274,14242.72981920335
23710.39504419296,16092.72981936016,23710.3950447755,14242.72981924776
25510.3950431876,17592.72981970556,25310.39504380507,17592.7298197487
25310.39504380507,17592.7298197487,25310.3950438032,17392.72981959916
23910.39504302927,17592.72981971854,23910.39504394011,17392.72981962075
2310.395044245117,16642.72981916965,2310.395043092605,13842.7298192452
2310.395043092605,13842.7298192452,2510.395043113094,13842.72981916225
2510.395043113094,13842.72981916225,2510.395044226025,16542.7298189803
2510.395042795048,13092.72981906761,2510.39504288492,13292.72981916225
2510.39504288492,13292.72981916225,2310.395042868622,13292.72981924514
2310.395042868622,13292.72981924514,2310.395042798307,13092.72981916202
2510.395043083292,13842.729818997,2510.395042855118,13292.729818997
2310.395043083292,13842.72981908,2310.395042855118,13292.72981908
5710.395044204139,17392.72981956033,5710.395042824384,13092.72981917191
5510.395044227422,17392.72981960399,5510.395042847667,13092.72981908286
7410.395042871416,12892.72981905637,7410.395042858843,12792.72982547959
7410.395042858843,12792.72982547959,7610.395042851393,12792.72982540182
7610.395042851393,12792.72982540182,7610.39504277968,12892.72981910521
7610.395042293531,11642.72981976359,7610.395042462565,11792.72982540182
7610.395042462565,11792.72982540182,7410.395042470482,11792.72982547953
7410.395042470482,11792.72982547953,7410.395042307967,11442.72981949729
910.3950441259076,12892.72981912919,910.395044126839,13892.72981911656
1110.3950441138,13092.72981915597,1110.395044126839,13892.72981911784
910.395044126839,13892.72981911656,1110.395044126839,13892.72981911784
19110.39504384418,13092.72981908879,18660.39504219714,13092.7298190605
18660.39504219714,13092.7298190605,18660.39504219621,12892.72981911074
18660.39504219621,12892.72981911074,19010.39504384511,12892.72981907657
17410.3950422749,12892.72981908629,17660.39504219621,12892.72981911673
17660.39504219621,12892.72981911673,17660.39504219714,13092.72981911848
17660.39504219714,13092.72981911848,17610.39504183159,13092.72981917576
10010.39504426002,11142.72981972163,11560.39504607051,11142.72981974299
9910.394704773847,10942.72981974794,11760.39504565095,10942.72981977343
12510.39504560671,5892.729819621978,12510.39504566911,5892.729819610453
12310.39504560671,5892.729819623841,12310.39504560485,5792.729819623841
12510.39504560671,5892.729819621978,12310.39504560671,5892.729819623841
1110.39504413848,7642.729819547821,1110.395044103556,2892.729819618427
910.3950441557099,7742.729819582222,910.395044150122,2692.729819675879
4710.395044034172,10142.72981955603,4710.395044175267,9342.729820202308
4510.395044216712,9942.72981970021,4510.395044175267,9342.729820198874
4710.395044175267,9342.729820202308,4510.395044175267,9342.729820198874
12410.39504552242,2542.729819592874,13010.39504235779,2542.729819535948
13010.39504235779,2542.729819535948,13010.39504235732,2742.729819603527
13010.39504235732,2742.729819603527,12510.3950455797,2742.729819572036
15310.39507109468,2742.729819582572,14810.39504266233,2742.729819610278
14810.39504266233,2742.729819610278,14810.39504266326,2542.729819542641
14810.39504266326,2542.729819542641,15410.39504251053,2542.72981960405
22510.39504366351,2942.729819357948,23910.39504364069,2942.729819366621
22510.39504393964,2742.729819532339,23710.39504373336,2742.729819539731
22310.3950438819,2842.729819470987,22310.39504373987,2452.729741034593
22310.39504373987,2452.729741034593,22510.39504379855,2452.729740988085
22510.39504379855,2452.729740988085,22510.39504393964,2742.729819532339
22510.39504364907,1842.729740762588,22510.39504363371,1942.729740988085
22510.39504363371,1942.729740988085,22310.3950436216,1942.729741034651
22310.3950436216,1942.729741034651,22310.39504364907,1842.729740785871
22310.39504364907,1842.729740785871,22510.39504364907,1842.729740762588
22310.3950437911,2452.729740945593,22310.39504367189,1942.729740945593
22510.3950437911,2452.729740898794,22510.39504367189,1942.729740898794
5210.395044315432,3542.729819448112,5210.395044471894,3302.72981900032
5210.395044471894,3302.72981900032,5410.395044375036,3302.729819049506
5410.395044375036,3302.729819049506,5410.395044530567,3742.729819376459
5410.395044542209,2692.729819621047,5410.395044380159,2792.729819049506
5410.395044380159,2792.729819049506,5210.395044607867,2792.72981900032
5210.395044607867,2792.72981900032,5210.395044542209,2692.729819596425
5210.395044542209,2692.729819596425,5410.395044542209,2692.729819621047
5410.3950443918,3302.729819092522,5410.395044517528,2792.729819092521
5210.3950443918,3302.729819043161,5210.395044517529,2792.729819043161
4710.395044152916,4642.729819578322,5460.46444234933,4642.729819590371
5460.46444234933,4642.729819590371,5460.464442348399,4842.729819609289
5460.464442348399,4842.729819609289,4710.395044198551,4842.729819578147
8410.395044166418,4842.729819601664,7660.464442348398,4842.729819623201
7660.464442348398,4842.729819623201,7660.464442349329,4642.72981960434
7660.464442349329,4642.72981960434,8410.395044148727,4642.729819601838
23910.39504394011,17392.72981962075,23910.395044179,16192.72981928414
23710.39504390239,17492.72981959485,23710.39504422556,16292.72981938909
23910.39504380134,1842.729740830284,23910.39504362718,2042.729740965384
26110.39504445001,2042.729740976501,25710.39504357037,2042.729740883195
25710.39504357037,2042.729740883195,25710.39504357177,1842.729740831157
25710.39504357177,1842.729740831157,26310.39504444489,1842.729740842391
22510.39504390146,3792.729819568893,22510.39504366351,2942.729819357948
22310.39504394058,3692.7298195615,22310.39504387166,2842.729819588567
19210.39504400996,3692.729819582746,19210.39504404674,2642.729819617904
19010.39504401694,3792.729819588859,19010.39504403044,2742.729819613539
10010.39504666655,15992.72981968123,10010.39504727517,17892.72981902506
10210.39504668052,16092.72981960137,10210.39504727378,18092.72981903716
10010.39504617482,13592.72981911894,10010.39504666655,15992.72981967204
10210.39504626981,13692.7298190782,10210.39504672057,15892.72981970737
12510.39504588098,8892.729744881944,12510.39504580881,9192.729819425353
12510.39504580881,9192.729819425353,12310.39504575572,9192.729819414177
12310.39504575572,9192.729819414177,12310.39504584187,8792.729740894545
12310.39504569379,11442.7298198207,12310.39504570543,10092.72981941423
12310.39504570543,10092.72981941423,12510.39504573849,10092.72981942541
12510.39504573849,10092.72981942541,12510.39504567376,11542.72981961732
15310.39504247746,8892.729856681166,14360.39504161832,8892.729818699445
14360.39504161832,8892.729818699445,14360.39504960394,8692.729818778666
14360.39504960394,8692.729818778666,15310.39504251146,8692.729856688095
12510.39504586143,8692.72974488887,13460.39504960395,8692.729782843177
13460.39504960395,8692.729782843177,13460.39504161832,8892.729782763956
13460.39504161832,8892.729782763956,12510.39504588098,8892.729744881944
17410.39504160435,16092.72981960038,17410.39504119457,18092.72981905568
17610.39504151261,15992.72981967204,17610.39504105254,17892.72981900637
17410.39504202065,13692.72981913955,17410.39504156989,15892.72981958414
17610.39504200435,13592.72981911906,17610.39504151261,15992.72981967204
19210.39504387538,11542.72981968635,19210.39504388656,11042.72981964398
19010.39504385582,11542.72981969392,19010.39504386513,11142.72981968187
15110.39504213008,10942.7298201246,15110.39504223625,11542.72981954299
15310.39504214172,11142.72981991965,15310.39504212962,11542.729819492
4610.39504430798,3542.729819589732,4010.395044541743,3542.729819467844
4510.395044183649,3742.729819535307,3810.395044539415,3742.729819539672
15310.39504251937,6992.446627497585,15310.39504251146,8692.729856688095
15510.39504248026,6992.446593150292,15510.39504247095,8792.72986066752
12310.39504590659,6992.446434640645,12310.39504578878,8692.72974086032
12510.39504593593,6992.446441232548,12510.39504586143,8692.72974488887
12310.39504591125,6892.446593109605,12310.39504590659,6992.446434640413
12510.39504591125,6892.446593118918,12510.39504777529,6892.446441294538
12310.39504591125,6892.446593109605,12510.39504591125,6892.446593118918
4710.395044152916,4642.729819578322,4710.395044186909,3742.729819380708
4510.395044266537,4742.729819564993,4510.395044183649,3742.729819535307
8610.39504416316,4742.729819593689,8610.39504409564,2742.729819585948
8410.395044148727,4642.729819601838,8410.395044091914,2542.72981959625
8410.395044091914,2542.72981959625,9410.395044189238,2542.729819583386
9410.395044189238,2542.729819583386,9410.395044188772,2742.729819603352
9410.395044188772,2742.729819603352,8610.39504409564,2742.729819585948
12310.39504558156,2742.729819597822,11610.39504418877,2742.729819610395
11610.39504418877,2742.729819610395,11610.39504418924,2542.729819581466
11610.39504418924,2542.729819581466,12410.39504552242,2542.729819592874
1110.3950441138,13092.72981915597,2310.395042798307,13092.72981916202
910.3950441259076,12892.72981912919,2310.39594134345,12892.72981913606
7410.395044811361,17592.72981960184,6610.395043167111,17592.72981967692
6610.395043167111,17592.72981967692,6610.395043165247,17392.72981957279
6610.395043165247,17392.72981957279,7410.395044567355,17392.72981954828
5710.395044204139,17392.72981956033,5710.395042862103,17592.72981967943
5710.395042862103,17592.72981967943,5610.395044229284,17592.72981960708
910.3950436793384,10142.72981964997,910.3950434721191,9142.729819567612
910.3950434721191,9142.729819567612,1110.395043562457,9142.729819540255
1110.395043562457,9142.729819540255,1110.395043653727,9942.729819481758
1110.395043365483,7842.729819555564,1110.395043439523,8242.729819540196
1110.395043439523,8242.729819540196,910.3950433477875,8242.729819567612
910.3950433477875,8242.729819567612,910.3950433463905,7742.729819594912
7610.395044649312,17492.72981959357,7610.395042860706,13092.72981916441
7410.395044567355,17392.72981954828,7410.39504282811,13092.72981918012
5610.395044229284,17592.72981960708,5510.395044415549,17592.72981961819
5510.395044415549,17592.72981961819,5510.395044413686,17392.72981950737
3910.395044489123,17392.72981961668,3910.395044110075,17592.72981964788
3910.395044110075,17592.72981964788,3710.395044390869,17592.72981964241
5610.395042785269,12892.72981909135,5810.3950429096,12892.72981900014
5810.3950429096,12892.72981900014,5810.39504290867,13092.72981912878
5810.39504290867,13092.72981912878,5710.395042824384,13092.72981917191
7410.39504282811,13092.72981918012,6610.395042908669,13092.72981913262
6610.395042908669,13092.72981913262,6610.395042910067,12892.72981898454
6610.395042910067,12892.72981898454,7410.395042871416,12892.72981905637
2310.39594134345,12892.72981913606,2310.395941308991,12417.72957786123
2310.395941308991,12417.72957786123,2510.39594121353,12417.72957782921
2510.39594121353,12417.72957782921,2510.395941294556,12892.72981907104
2510.395940854505,10142.72981981627,2510.395940925286,10617.72957782927
2510.395940925286,10617.72957782927,2310.395941021212,10617.72957786117
2310.395941021212,10617.72957786117,2310.3959409034,10142.72981966493
2310.395941241004,12417.72957785593,2310.395940953226,10617.72957785593
3360.39504451846,9942.729819484028,3360.395044387143,9292.729819336702
3360.395044387143,9292.729819336702,3460.395044388541,9292.729819323024
3460.395044388541,9292.729819323024,3460.395044518925,9942.729819694798
3460.395044231613,7842.729819476517,3460.395044278645,8492.729819323024
3460.395044278645,8492.729819323024,3360.395044277247,8492.729819336702
3360.395044277247,8492.729819336702,3360.395044230681,7842.729819569474
910.3950436793384,10142.72981964997,2310.3959409034,10142.72981966493
1110.395043653727,9942.729819481758,2410.395940861956,9942.729819580069
1110.395043365483,7842.729819555564,3360.395044230681,7842.729819569474
1110.39504413848,7642.729819547821,3360.395044149657,7642.729819595785
3360.395044149657,7642.729819595785,3560.395044138481,7642.72981956342
3560.395044138481,7642.72981956342,3560.39504413755,7842.729819449218
3560.39504413755,7842.729819449218,3460.395044231613,7842.729819476517
4710.395044119388,7842.729819484318,4460.395044137549,7842.729819454806
4460.395044137549,7842.729819454806,4460.39504413848,7642.729819475936
4460.39504413848,7642.729819475936,4510.395044207863,7642.729819483967
4710.395044119388,7842.729819484318,4710.395044198551,4842.729819578147
4510.395044207863,7642.729819483967,4510.395044266537,4742.729819566156
2510.395941294556,12892.72981907104,4510.395042604591,12892.72981909432
4510.395042604591,12892.72981909432,4510.395042603195,13092.7298190892
4510.395042603195,13092.7298190892,2510.395042795048,13092.72981906761
5510.395042847667,13092.72981908286,5410.395042908669,13092.7298190938
5410.395042908669,13092.7298190938,5410.3950429096,12892.7298191002
5410.3950429096,12892.7298191002,5610.395042785269,12892.72981909135
3360.395044463512,10142.72981959031,4710.395044034172,10142.72981955603
3460.395044518925,9942.729819694798,4510.395044216712,9942.72981970021
12510.39504777529,6892.446441294538,13510.39505203889,6892.446507832065
13510.39505203889,6892.446507832065,13510.39504538692,6992.446507793181
13510.39504538692,6992.446507793181,12510.39504593593,6992.446441232548
15310.39504251937,6992.446627497585,14310.39504477643,6992.446561011806
14310.39504477643,6992.446561011806,14310.39505142841,6892.446561050689
14310.39505142841,6892.446561050689,15310.3962480629,6892.446627559635
15310.39504214172,11142.72981991965,15410.39504245744,11142.72981959264
15110.39504213008,10942.7298201246,15310.39504246629,10942.72982012733
16210.39504549914,11642.72981958426,17610.39504549914,11642.72981963455
16210.39504550287,11542.72981958426,17610.39504550287,11542.72981963455
15310.39504225814,11642.72981959328,16110.39504778135,11642.72981958065
15310.39504212962,11542.729819492,16110.39504790102,11542.72981952081
17610.39504549914,11642.72981963455,19010.39504549914,11642.72981968484
17610.39504550287,11542.72981963455,19010.39504550286,11542.72981968484
15410.39504245744,11142.72981959264,16110.39504790894,11142.72981977512
15510.39504253707,10942.72981954764,16110.39504779671,10942.7298196023
15310.3962480629,6892.446627559635,15310.39623432961,6842.446627613128
15310.39623432961,6842.446627613128,15510.3962341047,6842.446572210261
15510.3962341047,6842.446572210261,15510.3962757134,6992.446606511977
15510.39594337466,5792.729791899008,15510.39598479197,5942.44657221032
15510.39598479197,5942.44657221032,15310.39598501735,5942.446627613186
15310.39598501735,5942.446627613186,15310.39597112761,5892.729819590604
12510.3950456435,5692.729819648288,12510.3950455797,2742.729819572036
12310.39504560485,5792.729819624131,12310.39504558156,2742.729819597822
15510.39504247095,8792.72986066752,15510.39504249935,8892.729856856196
15510.39504249935,8892.729856856196,15310.39504249237,8892.72985685509
15310.39504246629,10942.72982012733,15310.39504248585,10092.72985685509
15310.39504248585,10092.72985685509,15510.39504253614,10092.72985685619
15510.39504253614,10092.72985685619,15510.39504253707,10942.72981954764
10010.39504426514,11542.7298196133,10010.39504518901,11642.72981964939
10010.39504518901,11642.72981964939,9810.395044242789,11642.7298196693
11660.3950457031,11642.72981960044,11560.39504518901,11642.72981959171
11560.39504518901,11642.72981959171,11560.39504519041,11542.72981957576
10010.39504571427,11642.72981957774,11560.39504571428,11642.72981959904
10010.39504571521,11542.72981957774,11560.39504571521,11542.72981959904
11560.39504607051,11142.72981974299,11560.39504603279,11542.72981963466
11760.39504565095,10942.72981977343,11760.39504560391,11442.72981981307
11660.3950457031,11642.72981960044,12310.39504593686,11642.72981980079
11760.39504560391,11442.72981981307,12310.39504569379,11442.7298198207
8610.395044327539,10942.72981981982,8610.39504416316,4742.729819593689
8410.395044333593,11042.72981972954,8410.395044166418,4842.729819601664
19210.39504404674,2642.729819617904,19210.39504409005,842.7298199127836
19010.39504404861,2542.729819655389,19010.39504408167,1242.729819577857
15410.39504251053,2542.72981960405,16160.39745507744,2542.72981966837
16160.39745507744,2542.72981966837,16160.39745507698,2742.729819596192
16160.39745507698,2742.729819596192,15510.39507117244,2742.729819600441
19010.39504403044,2742.729819613539,18360.39745507698,2742.729819604458
18360.39745507698,2742.729819604458,18360.39745507744,2542.729819699744
18360.39745507744,2542.729819699744,19010.39504404861,2542.729819655389
16160.39745506999,2542.729819606844,18360.39745506999,2542.72981961511
16210.39504790102,11542.72981959334,16210.39504790894,11142.72981964299
16110.39504790102,11542.72981952081,16110.39504790894,11142.72981977512
16210.39504790102,11542.72981959334,16210.39504542231,11642.72981955672
16210.39504542231,11642.72981955672,16110.39504778135,11642.72981958065
19010.39504385582,11542.72981969392,19010.39504387212,11642.72981968932
16210.39504790894,11142.72981964299,19010.39504386513,11142.72981968187
16110.39504779671,10942.7298196023,19010.39553128305,10942.72981958525
3810.395044579462,2492.729819094675,3810.395045018115,2692.729819657893
4010.395044579461,2492.729819090368,4010.395044585981,2792.729819430883
3810.395044579462,2492.729819094675,4010.395044579461,2492.729819090368
23710.39504362765,1642.501522079489,23710.39504362113,1942.501522420003
23910.39504362765,1642.501522083796,23910.39504380134,1842.729740830284
23710.39504362765,1642.501522079489,23910.39504362765,1642.501522083796
20210.39504465024,18092.72981912145,20210.39504485234,17592.72981972221
20010.39504502231,17892.72981906266,20010.39504501905,17492.72981955317
12310.39504593686,11642.72981980079,12310.39504603605,12092.72982038193
12510.39504567376,11542.72981954584,12510.39504603605,12092.72982025015
12310.39504603605,12092.72982038193,12510.39504603605,12092.72982025015
15110.39504223625,11542.72981954223,15110.39504221576,12092.72981979613
15310.39504225814,11642.72981959328,15310.39504221576,12092.72981980358
15110.39504221576,12092.72981979613,15310.39504221576,12092.72981980358
15510.39594337466,5792.729791001621,15510.39507117244,2742.729819600441
15310.39591476071,5692.729819628672,15310.39507109468,2742.729819582572
23710.39504492219,14142.72981911318,23710.3950449953,14092.72981884909
23710.3950449953,14092.72981884909,23910.3950449166,14092.72981891196
23910.3950449166,14092.72981891196,23910.39504479274,14242.72981920335
23910.39504522952,13092.7298190516,23910.3950452584,13192.72981891202
23910.3950452584,13192.72981891202,23710.39504527796,13192.7298188491
23710.39504527796,13192.7298188491,23710.39504531474,12892.72981905358
22110.39504457993,14142.72981913466,22110.39504503348,13092.72981914974
21910.39504464558,14242.72981918437,21910.39504525188,13092.72981900102
22510.39504397131,6992.729741362825,22510.39504390146,3792.729819568893
22310.39504400251,6892.729741417134,22310.39504393685,3892.729819561617
19210.39504403417,6892.729741437914,19210.39504407887,3892.729819582746
19010.39504395221,6892.729740806477,19010.39504401694,3792.729819589964
19010.39584312244,8692.729740898969,16760.39607670746,8692.729740913057
19010.39581552503,8892.729740883311,16560.39593965869,8892.72974089862
19010.39537667512,7092.729740792217,18199.19049199141,7092.729740822775
18199.19049199141,7092.729740822775,18199.19049199001,6892.729740831041
18199.19049199001,6892.729740831041,19010.39504395221,6892.729740806477
16560.39731155737,6892.729740821785,17399.19049229548,6892.729740836045
17399.19049229548,6892.729740836045,17399.19049229595,7092.729740827839
17399.19049229595,7092.729740827839,16760.39717422594,7092.729740806477
16760.39607670746,8692.729740913057,16760.39717422594,7092.729740806477
16560.39593965869,8892.72974089862,16560.39731155737,6892.729740821785
19210.39627772086,7486.821491970768,19210.39537673519,7092.729741434829
19010.39627772179,7486.821949352365,19010.39537667512,7092.729740792217
19210.39551742962,11042.72975557603,19210.3958294022,8792.729754747503
19010.39553128305,10942.72981958525,19010.39581552503,8892.729740883311
19210.3958294022,8792.729754747446,19210.39600961312,7493.013054000883
19010.39584312244,8692.729740898969,19010.39600961312,7493.013026270055
9810.394704912615,10942.72981980079,9810.394704875363,10342.33404609756
9810.394704875363,10342.33404609756,9910.394704799459,10342.33404609622
9910.394704799459,10342.33404609622,9910.394704773847,10942.72981974794
9910.394704744976,8792.729740904439,9910.39470478875,9542.334046706528
9910.39470478875,9542.334046706528,9810.394704864188,9542.334046707925
9810.394704864188,9542.334046707925,9810.394704882812,8692.72974087068
12310.39504578878,8692.72974086032,9810.394704882812,8692.72974087068
12310.39504584187,8792.729740894545,9910.394704744976,8792.729740904439
2510.395940854505,10142.72981981627,3360.395044463047,10142.72981959031
2410.395940861956,9942.729819580069,3360.39504451846,9942.729819484028
18410.39504227956,1242.729819597764,19010.39504408167,1242.729819577857
18410.39504228189,842.7298195977638,19210.39504409005,842.7298199127836
18410.39504227956,1242.729819597764,18410.39504228189,842.7298195977638
9310.392369652458,2542.731071943679,9310.392369652458,1142.731071975111
9250.392369652456,2542.731071943679,9250.392369652456,1142.731071975286
14610.40267628181,2542.731071943679,14610.40267628134,1142.731071931048
14670.40267628181,2542.731071943679,14670.40267628088,1142.731071930175
