28467.58013622693,2135.139710742576,28467.58946221365,2235.139710192979
20267.58760738091,935.1397310809144,19667.58760769895,935.1397314171217
20467.58760749616,1135.139731103673,19767.58763541045,1135.139731429229
32267.58761466408,9035.411364033063,32267.58761479214,8285.411363363444
32267.58761479214,8285.411363363444,32467.58761486711,8285.411363403433
32467.58761486711,8285.411363403433,32467.58761476722,8835.411364054078
32467.58761511088,7035.411363987662,32467.58761503917,7385.41136340349
32467.58761503917,7385.41136340349,32267.58761497235,7385.411363363444
32267.58761497235,7385.411363363444,32267.58761504476,7135.411363975963
21267.58761586619,9935.139731681094,21267.58761584756,9835.139731505307
21267.58761584756,9835.139731505307,21467.58761580006,9835.13973149844
21467.58761574791,8335.353467959798,21467.58761577608,9135.139731498495
21467.58761577608,9135.139731498495,21267.58761584104,9135.139731505367
21267.58761584104,9135.139731505367,21267.58761585152,8335.353467953279
34467.58761489202,8835.411364129224,34467.5876148883,8285.411363476134
34467.5876148883,8285.411363476134,34567.58761491158,8285.411363481722
34567.58761491158,8285.411363481722,34567.58761489226,8835.411364121657
34567.58761500331,6835.41136385914,34567.58761495605,7485.411363481663
34567.58761495605,7485.411363481663,34467.587614933,7485.411363476133
34467.587614933,7485.411363476133,34467.58761501472,6635.411363745868
36167.58761906086,17685.1397315946,36167.58761918402,13235.13973175746
35967.58761906062,17485.13973163802,35967.5876191782,13235.13973172847
28967.58761780054,16835.13973147771,28967.58761787691,13235.13973168039
28767.58761778681,17035.1397314397,28767.5876178676,13235.13973163744
36867.58761930859,8835.411364208154,34567.58761489226,8835.411364121657
36867.5876193016,9035.411364245232,34567.58761487526,9035.411364124684
31067.58761790811,14335.13973151992,31767.5876178187,14335.13973152847
31767.5876178187,14335.13973152847,31767.58761781661,14435.13973152382
31767.58761781661,14435.13973152382,31067.5876178031,14435.1397315177
32667.58761097372,14435.13973155123,32567.58761781661,14435.13973154046
32567.58761781661,14435.13973154046,32567.5876178187,14335.13973154524
32567.5876178187,14335.13973154524,32667.58761793116,14335.13973155333
31067.58761790811,14335.13973151992,31067.58761794583,13135.13973135071
30867.58761784245,14385.13973149803,30867.58761794257,13235.13973271189
32667.58761793116,14335.13973155333,32667.58761790904,14235.13973148848
32667.58761790904,14235.13973148848,32867.58761792651,14235.13973149238
32867.58761792651,14235.13973149238,32867.58761789554,14385.13973153877
32867.58761795212,13235.13973166305,32867.58761797098,13335.13973149238
32867.58761797098,13335.13973149238,32667.58761792651,13335.13973148848
32667.58761792651,13335.13973148848,32667.58761795631,13035.13973166089
24867.58761750671,8135.139728995683,24867.58761592509,9835.139737999654
25067.58761750671,8135.139729176128,25067.58761588248,9935.139738055475
24867.58761750671,8135.139728995683,25067.58761750671,8135.139729176128
36867.58761916447,13035.13973177353,36867.58761920358,12435.27554799413
36867.58761920358,12435.27554799413,37067.58761920335,12435.275548001
37067.58761920335,12435.275548001,37067.58761917564,13235.13973177818
37067.5876193172,8935.411364214904,37067.58761929578,9635.275547848436
37067.58761929578,9635.275547848436,36867.58761929951,9635.275547841567
36867.58761929951,9635.275547841567,36867.5876193016,9035.411364245232
32867.58761795212,13235.13973166305,35967.5876191782,13235.13973172847
32667.58761795631,13035.13973166089,36067.58761917541,13035.13973173773
31067.58761794583,13135.13973135071,31667.5876178811,13135.13973150199
30967.5876178818,13035.13973150106,31667.58761788134,13035.13973150199
31667.5876178811,13135.13973150199,31667.58761788134,13035.13973150199
36167.58761918402,13235.13973175746,37067.58761917564,13235.13973177818
36067.58761917564,13035.13973173773,36867.58761916447,13035.13973177353
28867.58761793349,13035.13973163761,29967.58762059148,13035.13973228162
29967.58762059148,13035.13973228162,29967.58762048298,13235.1397322446
29967.58762048298,13235.1397322446,28967.58761787691,13235.13973168039
30867.58761794257,13235.13973271189,30767.58762063549,13235.13973267889
30767.58762063549,13235.13973267889,30767.58762074422,13035.13973271603
30767.58762074422,13035.13973271603,30967.58761793582,13035.13973277778
21267.58761461216,14185.13973196165,21967.58761513672,14185.13973197091
21967.58761513672,14185.13973197091,21967.58761513556,14385.13973190822
21967.58761513556,14385.13973190822,21467.58761462124,14385.13973191776
23567.58761459539,14385.13973193045,23067.58761513556,14385.13973191491
23067.58761513556,14385.13973191491,23067.58761513673,14185.13973197748
23067.58761513673,14185.13973197748,23567.58761570576,14185.13973197551
27567.58761584337,10935.13973177661,27567.58761588831,10935.13973171835
27767.58761584337,10935.13973177661,27767.58761588831,10935.13973192568
27567.58761584337,10935.13973177661,27767.58761584337,10935.13973177661
26367.58761675374,13235.13973028713,27667.58761579121,13235.13973098871
26167.5876168655,13035.13973013242,27567.58761588202,13035.13973088924
23167.58761618493,3935.139730918981,23167.58761582032,3935.139730729864
23167.58761632323,3735.139730918981,23167.58761628714,3735.139730732658
23167.58761618493,3935.139730918981,23167.58761632323,3735.139730918981
23167.58761724035,1035.139731381731,23167.58761628714,3735.139730732658
23267.58761721684,1135.139731529521,23267.58761625548,3835.139730988132
19767.58763548729,8135.353467886805,19767.58763510964,8335.35346789932
21267.58761585152,8335.353467953279,21267.58761614721,8135.353467941229
21267.58761614721,8135.353467941229,21367.58761581147,8135.353467956711
31067.58761779635,16285.13974109019,31067.5876178031,14435.1397315177
30867.58761779635,16285.13974108774,30867.58761784245,14385.13973149873
31067.58761779635,16285.13974109019,30867.58761779635,16285.13974108774
28767.58761584011,3935.139731129808,28767.58761584057,7635.41136386432
28967.58761583778,3835.13973113918,28967.58761584081,7535.41136387794
23867.5876158599,8135.353467558106,23867.58761588481,8335.353467992743
23867.58761588481,8335.353467992743,23767.58761576397,8335.353467996354
23767.58761584383,9835.13973812608,23767.58761579284,9135.353467996352
23767.58761579284,9135.353467996352,23867.58761591369,9135.353467992743
23867.58761591369,9135.353467992743,23867.58761592113,9835.139738116302
27767.58761583918,11135.13973182393,28967.5876158578,11135.1397325258
27767.58761588831,10935.13973192568,28767.58761583987,10935.13973251049
24867.58761595583,3735.139731404258,24867.58761883058,6735.139731726495
25067.58761617259,3935.139731315899,25067.58761904758,6935.139731853388
22967.58761718261,5135.139731569451,22967.58761683848,6935.139731755424
23167.58761721358,5035.13973159873,23167.58761688878,6735.13973172376
25067.58761904758,6935.139731853388,24817.58761671346,6935.13973193517
24817.58761671346,6935.13973193517,24817.58761671811,6735.139731682142
24817.58761671811,6735.139731682142,24867.58761883058,6735.139731726495
23767.58761616654,6735.13973176206,23917.58761671788,6735.139731711304
23917.58761671788,6735.139731711304,23917.58761671346,6935.139731914157
23917.58761671346,6935.139731914157,23867.5876161812,6935.139731825332
23867.5876161812,6935.139731825332,23867.58761612579,7135.139731780046
23867.58761612579,7135.139731780046,23667.587616167,7135.139731725331
23667.587616167,7135.139731725331,23667.58761618051,6935.139731771839
23667.58761585175,8135.353468036631,23667.58761592044,8035.139731725331
23667.58761592044,8035.139731725331,23867.58761587899,8035.139731780047
23867.58761587899,8035.139731780047,23867.58761585245,8135.353467558047
23767.58761479982,19185.13973494369,23767.58761469691,16685.13973196451
23567.58761479842,19385.13973490684,23567.5876147181,16785.13973200141
27767.58761584081,13035.1397310287,27767.58839812523,13235.13973096881
27767.58839812523,13235.13973096881,27667.58761579121,13235.13973098871
28767.5876178676,13235.13973163744,28667.58839812499,13235.1397314996
28667.58839812499,13235.1397314996,28667.58839823326,13035.13973151328
28667.58839823326,13035.13973151328,28867.58761793326,13035.13973163761
23767.58761440703,14185.13973500009,23767.58761458934,14185.13973195904
23567.58761570576,14185.13973197551,23567.58761458934,14185.1397319623
23767.58761458934,14185.13973195904,23567.58761458934,14185.1397319623
36867.58761930859,8835.411364208154,36867.58761935213,8335.411364204661
36867.58761935213,8335.411364204661,37067.58761938915,8335.411364216186
37067.58761938915,8335.411364216186,37067.58761931627,8935.41136423004
37067.58761944014,6635.411366010727,37067.58761943758,7435.411364216186
37067.58761943758,7435.411364216186,36867.58761940405,7435.411364204661
36867.58761940405,7435.411364204661,36867.58761942384,6835.411365894545
34467.58761489202,8835.411364129224,32467.58761476722,8835.411364054078
34567.58761487526,9035.411364124684,32267.58761466408,9035.411364033063
34567.58761500331,6835.41136385914,36167.58761533161,6835.411365243551
34467.58761501472,6635.411363745868,36067.58761541543,6635.411365175972
36167.58761533161,6835.411365243551,36867.58761942384,6835.411365894545
36267.58761541822,6635.411365295763,37067.58761944014,6635.411366010727
32267.58761770322,17685.1397314787,32267.58761757237,17685.13973109512
32267.58761771067,17485.1397314787,32267.58761774071,17485.1397322311
32267.58761770322,17685.1397314787,32267.58761771067,17485.1397314787
32467.58761764129,17885.13973130187,32467.58761766457,17585.13973148243
32267.58761764129,17885.13973129413,32267.58761757237,17685.13973109512
32467.58761764129,17885.13973130187,32267.58761764129,17885.13973129413
32467.58761762988,17035.13973154832,32767.58761090806,17035.13973162492
32367.58761772255,16835.13973159594,32667.58761094973,16835.13973151974
31767.5876157833,2735.4113640592,31767.58761584477,1885.411327912766
31567.58761587759,2735.411364073752,31567.58761584477,1885.411327909623
31767.58761584477,1885.411327912766,31567.58761584477,1885.411327909623
21467.58761574791,8335.353467959798,23767.58761577701,8335.353468043093
21367.58761581147,8135.353467956711,23667.58761585175,8135.353468036631
23767.58761469691,16685.13973196451,23767.58761459493,14385.13973499392
23567.58761469132,16585.13973195013,23567.58761459539,14385.13973193045
28767.58761580705,2835.411363960829,28767.58761587061,3735.139731144129
28967.5876157493,2935.411363974042,28967.58761583778,3835.139731136154
23767.58761616654,6735.13973176206,23167.58761688878,6735.13973172376
23667.58761618051,6935.139731771839,22967.58761683848,6935.139731755424
23767.58761577678,8335.353468043093,23767.58761578958,8335.353468705147
23867.58761585245,8135.353467558047,23867.5876158599,8135.353467558106
23867.5876172173,4935.139731629696,23067.58761725176,4935.139731582781
23867.58761721148,5035.139731629696,23167.58761721358,5035.13973159873
23867.5876172173,4935.139731629696,23867.58761721148,5035.139731629696
32467.5876159081,2935.411364036499,33167.58761582404,2935.411364027593
32367.58761595,2735.411364055533,32967.58761566153,2735.411363983704
23167.58761582032,3935.139730903614,23867.58761721148,3935.139731402803
23267.58761707644,3835.139730934464,23867.58761728063,3835.139731402803
23867.58761721148,3935.139731402803,23867.58761728063,3835.139731402803
25067.58761617259,3935.139731315899,25667.58761633348,3935.139731311475
24867.58761595583,3735.139731404258,25567.58761635583,3735.139731366539
23067.58761725176,4935.139731582781,19767.58763541115,4935.139731416656
22967.58761718261,5135.139731569451,19767.58763541744,5135.139731382081
33167.5876158457,2285.41136397701,32967.58761568924,2285.411377587009
32967.58761568924,2285.411377587009,32967.58761568295,2085.411363971713
32967.58761566153,2735.411363983704,33167.58761575722,2735.411377593587
33167.58761575722,2735.411377593587,33167.58761582404,2935.411364027593
28967.58761568947,2735.411363974507,29617.5882690835,2735.4113639975
29617.5882690835,2735.4113639975,29617.58826907582,2935.411364012575
29617.58826907582,2935.411364012575,28967.5876157493,2935.411363974042
31667.58761581077,2935.411364064613,31417.58826907582,2935.411364072937
31417.58826907582,2935.411364072937,31417.5882690835,2735.411364066184
31417.5882690835,2735.411364066184,31567.58761587759,2735.411364073752
20267.58760697532,285.1397308107144,20267.58760738091,935.1397310809144
20467.58760697532,285.1397307133911,20467.58760749616,1135.139731103673
20267.58760697532,285.1397308107144,20467.58760697532,285.1397307133911
28767.58761586619,2435.139722139694,28767.58761580705,2835.411363960887
28967.58761567364,2235.139722250754,28967.58761568947,2735.411363974507
28467.58892140721,2435.139722667463,28767.58761586619,2435.139722139694
28467.58892120138,2235.139722667463,28967.58761567364,2235.139722250754
28467.58892140721,2435.139722667463,28467.58892120138,2235.139722667463
32967.58761568295,2085.411363971713,33167.58761595047,2085.411363961876
33167.58761595047,2085.411363961876,33167.58761594372,2285.411363967174
36067.58761510157,2285.411364072354,35467.58761518073,2285.411364042727
35467.58761518073,2285.411364042727,35467.58761518749,2085.411364037546
35467.58761518749,2085.411364037546,36267.58761509039,2085.411364080213
34567.58761579773,2085.411364007919,34767.58761503498,2085.411364014496
34767.58761503498,2085.411364014496,34767.58761502823,2285.411364019676
34767.58761502823,2285.411364019676,34567.58761579121,2285.411364013157
34567.58761579121,2285.411364013157,34567.58761579773,2085.411364007919
36067.58761510157,2285.411364072354,36067.58761541543,6635.411365175972
36267.58761509039,2085.411364080213,36267.58761541822,6635.411365295763
33667.58761913815,17685.13973149011,33667.58761904479,17485.13973765483
33667.58761904479,17485.13973765483,33867.58761904177,17485.13973765884
33867.58761920428,16835.1397316847,33867.58761905061,17035.13973781141
33867.58761905061,17035.13973781141,33667.58761905364,17035.13973780739
32467.58761766457,17585.13973148243,32467.58761762988,17035.13973154832
32267.58761774071,17485.1397322311,32267.5876177761,17035.13973157748
33867.58761919124,17485.13973155013,33867.58761899799,17685.13973146741
33867.58761899799,17685.13973146741,33667.58761913815,17685.13973149011
36167.58761906086,17685.1397315946,35367.58761899799,17685.1397315301
35367.58761899799,17685.1397315301,35367.58761900661,17485.13973160082
35367.58761900661,17485.13973160082,35967.58761906062,17485.13973163802
28967.58761780054,16835.13973147771,29567.58895729223,16835.13973148493
29567.58895729223,16835.13973148493,29567.58895728409,17035.13973147998
29567.58895728409,17035.13973147998,28767.58761778681,17035.1397314397
32267.5876177761,17035.13973157748,32267.58761680752,16835.13973157882
32267.58761680752,16835.13973157882,32367.58761771929,16835.13973159594
30767.588957292,16835.13973152667,31367.58761680752,16835.13973154762
31367.58761680752,16835.13973154762,31367.5876167996,17035.13973155088
31367.5876167996,17035.13973155088,30767.58895728408,17035.13973152725
30767.58895728408,17035.13973152725,30767.588957292,16835.13973152667
21267.58761473486,16785.13973198302,23567.5876147181,16785.13973200141
21467.58761472485,16585.13973193336,23567.58761469132,16585.13973195013
23767.58761479982,19185.13973494369,24367.58761642801,19185.13973493828
24367.58761642801,19185.13973493828,24367.58761642358,19385.1397349058
24367.58761642358,19385.1397349058,23567.58761479842,19385.13973490684
26367.58761392298,19385.13973497204,25567.58761642358,19385.13973493368
25567.58761642358,19385.13973493368,25567.58761642824,19185.13973496622
25567.58761642824,19185.13973496622,26167.58761401122,19185.13973499957
21467.58761472485,16585.13973193336,21467.58761462124,14385.13973191776
21267.58761473486,16785.13973198302,21267.58761461216,14185.13973196165
17867.58762644391,9835.139738392438,18067.5876264325,9835.139738367176
18067.5876264325,9835.139738367176,18067.58762641248,9935.139738404721
18067.58762646347,8335.353474688953,18067.58762645485,9135.139738367117
18067.58762645485,9135.139738367117,17867.5876265403,9135.139738360249
17867.5876265403,9135.139738360249,17867.58762649514,8335.35347470048
4767.587627426694,8835.411370870139,4767.587627419708,8285.411370181075
4767.587627419708,8285.411370181075,4867.58762732844,8285.411370175545
4867.58762732844,8285.411370175545,4867.587627382456,9035.4113708525
4867.587627248811,6635.411370495511,4867.587627283736,7485.411370175485
4867.587627283736,7485.411370175485,4767.587627375238,7485.411370181075
4767.587627375238,7485.411370181075,4767.587627315401,6835.411370532473
3367.587623219212,17485.13973835745,3367.587623096742,13035.1397384376
3167.58762324622,17685.13973836735,3167.587623124216,13235.1397384422
10567.58762446066,17035.13973817806,10567.5876243801,13235.13973830757
10367.58762447929,16835.13973821601,10367.58762439873,13035.13973834779
10567.58762446066,17035.13973817806,9767.586285020898,17035.13973822136
9767.586285020898,17035.13973822136,9767.586285012982,16835.13973826682
9767.586285012982,16835.13973826682,10367.58762447929,16835.13973821601
6967.587624559384,16835.13973832311,7067.587625344955,16835.13973835187
7067.587625344955,16835.13973835187,7067.587625352871,17035.13973832765
8567.586285020896,17035.13973826863,7967.587625352871,17035.1397382922
7967.587625352871,17035.1397382922,7967.587625344956,16835.13973832352
7967.587625344956,16835.13973832352,8567.58628501298,16835.1397383046
8567.58628501298,16835.1397383046,8567.586285020896,17035.13973826863
2467.587622971946,9035.411370942724,4867.587627382456,9035.4113708525
2467.587622924448,8835.411370956517,4767.587627426694,8835.411370870139
8267.587623836911,14435.13973818097,7567.587783332654,14435.13973818958
7567.587783332654,14435.13973818958,7567.587783330559,14335.13973828766
7567.587783330559,14335.13973828766,8267.58762441526,14335.13973825093
6467.587594738901,14335.13973828865,6767.587783330326,14335.13973830448
6767.587783330326,14335.13973830448,6767.587783332654,14435.13973820629
6767.587783332654,14435.13973820629,6667.587594712125,14435.13973821444
8467.587624436219,14385.13973822823,8467.587624374284,13035.13973825064
8267.58762441526,14335.13973825093,8267.587624377544,13135.13973825082
14267.5876052845,8135.13973025879,14267.58762639618,9935.13973914221
14467.5876052845,8135.139727913021,14467.58762518476,9835.139737983007
14267.5876052845,8135.13973025879,14467.5876052845,8135.139727913021
2267.587623098372,13235.13973846293,2267.587623059722,12435.27554789267
2267.587623059722,12435.27554789267,2467.58762311048,12435.27554788586
2467.58762311048,12435.27554788586,2467.587623109548,13035.13973845833
2467.587622971946,9035.411370942724,2467.587623014088,9635.275547885805
2467.587623014088,9635.275547885805,2267.587622970548,9635.275547892732
2267.587622970548,9635.275547892732,2267.587622961468,8935.4113709454
8467.587624374284,13035.13973825064,7667.587624397568,13035.13973822893
8267.587624377544,13135.13973825082,7667.587624397568,13135.13973822893
7667.587624397568,13035.13973822893,7667.587624397568,13135.13973822893
3367.587623096742,13035.1397384376,2467.587623109548,13035.13973845833
3167.587623124216,13235.1397384422,2267.587623098372,13235.13973846293
17867.58762764066,14385.13973866758,17367.58762701691,14385.13973863761
17367.58762701691,14385.13973863761,17367.58762701574,14185.1397387145
17367.58762701574,14185.1397387145,18067.58762770073,14185.13973871153
15667.5876276863,14185.13973868714,16267.58762701575,14185.13973870338
16267.58762701575,14185.13973870338,16267.58762701691,14385.13973864413
16267.58762701691,14385.13973864413,15767.58762767652,14385.1397386801
17867.58762753635,16585.13973864808,15767.58762758083,16585.13973866473
18067.58762757756,16785.13973869785,15767.5876275948,16785.13973871607
13167.58762538151,13035.1397368809,11767.58762642156,13035.13973763783
12967.58762559967,13235.13973694842,11667.58762648745,13235.13973771577
16167.58762595543,3735.139737646156,16167.58762599478,3735.139737601453
16167.58762609374,3935.139737646156,16167.58762687744,3935.139737598717
16167.58762595543,3735.139737646156,16167.58762609374,3935.139737646156
15967.58762433074,385.1397380083245,15967.58762481619,385.1397381971501
16167.58762448488,185.1397382592577,16167.58762448511,185.139737998662
16067.58762506532,1135.139738206405,16067.58762602319,3835.139737715307
16167.58762503831,1035.139738108791,16167.58762599478,3735.139737601453
19567.58763527401,8335.35347463482,19567.58763544817,8135.353474694074
17967.5876264672,8135.353474683887,18067.58762631027,8135.353474649603
18067.58762631027,8135.353474649603,18067.58762631772,8335.353474670268
8467.587601107516,16285.13974293199,8467.587624436219,14385.13973945607
8267.587601107518,16285.13974047633,8267.587623836911,14435.13973818097
8467.587601107516,16285.13974293199,8267.587601107518,16285.13974047633
10367.58762644089,3835.139737866356,10367.5876264353,11035.13973920536
10567.58762644252,3935.139737905414,10567.58762643716,10935.13973916328
15567.58762645509,8335.353475310261,15467.58762648978,8335.353474831038
15467.58762648978,8335.353474831038,15467.58762645579,8135.353474163103
15467.58762639502,9835.139738099653,15467.58762646114,9135.353474831038
15467.58762646114,9135.353474831038,15567.58762648163,9135.353474834586
15567.58762648163,9135.353474834586,15567.58762640107,9835.139738106172
11567.58760734342,10935.13973857852,10567.58762643716,10935.13973916328
11567.5876264644,11135.13973857847,10467.58762642552,11135.13973922178
10467.58762641434,11735.13973199582,10467.58762642552,11135.13973922178
10367.58762641434,11735.13973199244,10367.58762643809,11035.13973920205
10467.58762641434,11735.13973199582,10367.58762641434,11735.13973199244
14267.58762616196,3935.139738029047,14267.58762328696,6935.139738550238
14467.58762633798,3735.139738072004,14467.58762346322,6735.139738525034
16167.58762502528,5035.139738299595,16167.58762535007,6735.139738537025
16367.58762505624,5135.139738284636,16367.5876254006,6935.139738394241
14467.58762633798,3735.139738072004,13767.58760719394,3735.139738034402
14267.58762616196,3935.139738029047,13667.58760718323,3935.139738038535
14467.58762346322,6735.139738525034,14517.58762543459,6735.139738518689
14517.58762543459,6735.139738518689,14517.58762543902,6935.139738609435
14517.58762543902,6935.139738609435,14267.58762328696,6935.139738550238
15467.58762614775,6935.139738522298,15417.58762559152,6935.139738588539
15417.58762559152,6935.139738588539,15417.5876255871,6735.139738489412
15417.5876255871,6735.139738489412,15567.58762611213,6735.139738489237
15667.58762614845,6935.139738410831,15667.58762618524,7135.139738464381
15667.58762618524,7135.139738464381,15467.58762620247,7135.139738519097
15467.58762620247,7135.139738519097,15467.58762614775,6935.139738522298
15467.58762647651,8135.353474163045,15467.58762644927,8035.139738519097
15467.58762644927,8035.139738519097,15667.58762643181,8035.139738464382
15667.58762643181,8035.139738464382,15667.58762647721,8135.353474777311
15767.58762751424,19385.13974165247,15767.5876275948,16785.13973871607
15567.58762751284,19185.13974164234,15567.58762758222,16685.1397386886
15767.58762751424,19385.13974165247,14967.58762572889,19385.13974168379
14967.58762572889,19385.13974168379,14967.58762572447,19185.13974162983
14967.58762572447,19185.13974162983,15567.58762751284,19185.13974164234
13167.58762825976,19185.13974169828,13767.58762587674,19185.13974165783
13767.58762587674,19185.13974165783,13767.58762588139,19385.13974171178
13767.58762588139,19385.13974171178,12967.58762837268,19385.13974171772
11667.58762648745,13235.13973771577,11567.58838867486,13235.1397378188
11567.58838867486,13235.1397378188,11567.5883885666,13035.13973773137
10367.58762439873,13035.13973834779,10667.58838841409,13035.13973821799
10667.58838841409,13035.13973821799,10667.58838852213,13235.13973830297
10667.58838852213,13235.13973830297,10567.5876243801,13235.13973830757
12967.58762559967,13235.13973694842,12967.58762608512,14285.13974176953
13167.58762538151,13035.1397368809,13167.58762596964,14185.13974176056
18067.58762757756,16785.13973869785,18067.58762770073,14185.13973871153
17867.58762753635,16585.13973864808,17867.58762764066,14385.13973866758
2267.587622962399,8935.411370962862,2267.587622932597,8335.411371021244
2267.587622932597,8335.411371021244,2467.587622913971,8335.411371009719
2467.587622913971,8335.411371009719,2467.587622924448,8835.411370956517
2467.587622809197,6835.411372587495,2467.587622862049,7435.411371009718
2467.587622862049,7435.411371009718,2267.587622888126,7435.411371021243
2267.587622888126,7435.411371021243,2267.587622848312,6635.411372856414
4867.587627248811,6635.411370495511,3267.587626887225,6635.411371925558
4767.587627315401,6835.411370532473,3167.587626947063,6835.411371970611
3067.587626857656,6635.41137214139,2267.587622848312,6635.411372856414
3167.587626947063,6835.411371970611,2467.587622809197,6835.411372587495
7067.587624567998,17485.13973820588,7067.587624519338,17485.13973883615
7067.587624575449,17685.13973820588,7067.587624437148,17685.1397389209
7067.587624567998,17485.13973820588,7067.587624575449,17685.13973820588
7067.587624633657,17885.13973802532,7067.587624437148,17685.1397389209
6867.587624633657,17885.13973803184,6867.5876246141,17585.13973821612
7067.587624633657,17885.13973802532,6867.587624633657,17885.13973803184
5667.587623318863,17685.13973826269,5467.587623306989,17685.1397382475
5467.587623306989,17685.1397382475,5467.587623298607,17485.13973829406
3367.587623219212,17485.13973835745,3967.587623298374,17485.13973835681
3967.587623298374,17485.13973835681,3967.587623306989,17685.1397383103
3967.587623306989,17685.1397383103,3167.58762324622,17685.13973836735
6967.587624556125,16835.13973832311,6667.587594758227,16835.13973819633
6867.587624442737,17035.13973853889,6567.587594767307,17035.1397383521
18867.58762349674,185.1397377033745,18867.58761272344,185.1397375125116
18867.58763121089,485.1397382477325,18867.58761279328,485.1397375125116
18867.58761272344,185.1397375125116,18867.58761279328,485.1397375125116
17467.58761244008,185.1397378378924,17267.58760199716,185.1397378843421
17467.5876125097,485.1397378378924,17267.58760206678,485.1397378843421
17467.58761244008,185.1397378378924,17467.5876125097,485.1397378378924
17267.58760199716,185.1397378843421,17267.58760206678,485.1397378843421
16567.58760214082,185.1397380470907,16167.58762448511,185.139737998662
16567.58760221067,485.1397380470907,16167.58762487044,485.1397381481974
16567.58760214082,185.1397380470907,16567.58760221067,485.1397380470907
7767.587626405964,2735.411370778343,7767.587626434369,1885.411334637381
7567.587626500959,2735.41137081449,7567.58762643437,1885.411334640524
7767.587626434369,1885.411334637381,7567.58762643437,1885.411334640524
10367.58762648769,2935.411370722173,9717.586973229163,2935.411370729157
9717.586973229163,2935.411370729157,9717.586973221712,2735.411370735444
9717.586973221712,2735.411370735444,10367.58762635358,2735.411370679157
7767.587626405964,2735.411370778343,7917.586973221479,2735.411370804071
7917.586973221479,2735.411370804071,7917.586973229163,2935.411370775607
7917.586973229163,2935.411370775607,7667.587626467898,2935.411370791788
17967.5876264672,8135.353474683887,15667.58762647721,8135.353474777311
17867.58762649514,8335.35347470048,15567.58762650165,8335.35347477027
15767.58762758083,16585.13973866473,15767.58762767652,14385.1397386801
15567.58762758222,16685.13973868732,15567.58762767675,14385.13974174194
10367.58762648769,2935.411370722173,10367.58762644089,3835.139737863329
10567.58762647162,2835.411370688004,10567.58762648885,3735.139737853492
15667.58762614845,6935.139738410831,16367.5876254006,6935.139738394241
15567.58762611213,6735.139738489237,16167.58762535007,6735.139738537025
15467.58762647651,8135.353474163045,15467.58762645579,8135.353474163103
15567.58762650189,8335.35347477027,15567.58762645509,8335.353475310261
15467.58762506719,5035.139738356756,16167.58762502528,5035.139738299595
15467.58762506136,4935.139738356756,16267.58762502691,4935.139738309956
15467.58762506719,5035.139738356756,15467.58762506136,4935.139738356756
6167.587626617375,2285.411370732242,6167.587626361727,2085.41137069819
6167.587626361727,2085.41137069819,6367.587626404334,2085.411370726945
3067.587627185482,2085.411370835503,3867.58762727745,2085.411370773861
3867.58762727745,2085.411370773861,3867.587627283969,2285.411370842837
3867.587627283969,2285.411370842837,3267.587627200848,2285.411370827703
4767.587626520983,2285.411370813267,4567.587627131231,2285.411370819787
4567.587627131231,2285.411370819787,4567.587627124712,2085.411370750811
4567.587627124712,2085.411370750811,4767.587626514464,2085.411370744233
4767.587626514464,2085.411370744233,4767.587626520983,2285.411370813267
16067.58762562179,3835.139737808905,15467.58762499804,3835.139738129978
16167.58762687744,3935.139737778114,15467.58762506719,3935.139738129978
15467.58762499804,3835.139738129978,15467.58762506719,3935.139738129978
16367.58762505624,5135.139738284636,19567.58763537809,5135.139738097091
16267.58762502691,4935.139738309956,19567.58763537879,4935.139738131667
6367.587626404334,2085.411370726945,6367.587626293041,2285.411377548418
6367.587626293041,2285.411377548418,6167.587626560331,2285.411377555111
6167.58762663926,2935.411370800054,6167.587626575465,2735.411377555112
6167.587626575465,2735.411377555112,6367.587626307943,2735.411377548418
10367.58762648745,2335.139728980316,10367.58762635358,2735.411370679157
10567.58762648745,2335.139728986603,10567.58762647162,2835.411370688063
10367.58762648745,2335.139728980316,10567.58762648745,2335.139728986603
3067.587627185482,2085.411370835503,3067.587626857656,6635.41137214139
3267.587627200848,2285.411370827703,3267.587626887225,6635.411371925558
5467.587623077883,17485.13973826962,5667.587623259723,17485.13973838295
5667.587623259723,17485.13973838295,5667.587623318863,17685.13973826269
5667.587623305824,17035.13973843603,5467.587623187779,17035.13973838696
5467.587623187779,17035.13973838696,5467.587623064845,16835.13973850012
7067.587624519338,17485.13973883615,7067.58762448418,17035.13973831583
6867.5876246141,17585.13973821741,6867.587624442737,17035.13973853889
19567.58763537809,5135.139738097091,19567.58763544817,8135.353474694074
19767.58763541744,5135.139731382081,19767.58763548729,8135.353467886805
19567.58763527401,8335.35347463482,19567.58763249821,9185.139735492881
19767.58763510964,8335.35346789932,19767.58763249821,9185.139736129557
19567.58763249821,9185.139735492881,19767.58763249821,9185.139736129557
19567.58763537832,1135.139738115717,19567.58763537879,4935.139738131667
19767.58763541045,1135.139731429229,19767.58763541115,4935.139731416656
18867.58762639991,285.1397398883155,18867.58762349674,185.1397377033745
19067.58762639991,285.1397350901416,19067.58762879899,385.1397350901416
18867.58762639991,285.1397398883155,19067.58762639991,285.1397350901416
6667.587594758227,16835.13973819633,6667.587594712125,14435.13973821444
6467.587594786865,16835.13973842748,6467.587594738901,14335.13973828865
32867.58761094322,16835.13973161223,32867.58761094088,14385.13973146008
32667.58761094973,16835.13973151974,32667.58761097372,14435.13973155123
6467.587594786865,16835.13973842748,5467.587623064845,16835.13973850012
6567.587594767307,17035.1397383521,5667.587623305824,17035.13973843603
32767.58761090806,17035.13973162492,33667.58761915119,17035.13973174623
32867.58761094322,16835.13973161223,33867.58761920428,16835.1397316847
11567.58760766915,10935.13973177661,11567.58760734342,10935.13973857852
11767.58760766915,10935.13973177661,11767.58760856392,10935.13973161613
11567.58760766915,10935.13973177661,11767.58760766915,10935.13973177661
7567.587626500959,2735.41137081449,6367.587626426221,2735.411370798948
7667.587626462775,2935.411370791788,6167.58762663926,2935.411370800054
31667.58761581077,2935.411364064613,32267.58761590484,2935.41136409395
31767.5876157833,2735.4113640592,32367.58760782887,2735.411364091389
16067.58762602319,3835.139737715307,16067.58762562179,3835.139737808905
16167.58762687744,3935.139737598717,16167.58762687744,3935.139737778114
23167.58761582032,3935.139730729864,23167.58761582032,3935.139730903614
23267.58761625548,3835.139730988132,23267.58761707644,3835.139730934464
18867.58764680425,1135.139737790278,19567.58763537832,1135.139738115717
19067.58764202703,935.139737767403,19667.58764403357,935.1397381441811
13167.58762596964,14185.13974176056,14467.58825360073,14185.13974175108
14467.58825360073,14185.13974175108,14467.58825360329,14385.13974175917
14467.58825360329,14385.13974175917,13167.5876261254,14385.13974177675
15567.58762767675,14385.13974174194,15467.58825345078,14385.13974174467
15467.58825345078,14385.13974174467,15467.58825344799,14185.13974173414
15467.58825344799,14185.13974173414,15667.58762616382,14185.13974171836
26167.58761614605,14385.13973502873,24867.58754625774,14385.13973503042
24867.58754625774,14385.13973503042,24867.58754626053,14185.13973501692
24867.58754626053,14185.13973501692,26167.5876162776,14185.13973503496
23767.58761440703,14185.13973500009,23867.58754626054,14185.13973500236
23867.58754626054,14185.13973500236,23867.58754625797,14385.13973501587
23867.58754625797,14385.13973501587,23767.58761459493,14385.13973499392
26167.58761614605,14385.13973502873,26167.58761401122,19185.13973499957
26367.58761619401,14285.13973503566,26367.58761392298,19385.13973497204
12967.58762608512,14285.13974176283,12967.58762837268,19385.13974171772
13167.5876261254,14385.13974177675,13167.58762825976,19185.13974169828
26167.5876168655,13035.13973013242,26167.5876162776,14185.13973503496
26367.58761675374,13235.13973028713,26367.58761619401,14285.13973504235
17867.58762644391,9835.139738392438,15567.58762640107,9835.139738106172
17867.58762702226,10035.13973843888,15467.58762638943,10035.13973809342
15467.58762639502,9835.139738099653,14467.58762518476,9835.139737983007
15467.58762639013,10035.13973809342,14467.58904146121,10035.13973798306
18067.58762643297,9935.139737805122,18067.58762699945,10035.13973776222
18067.58762699945,10035.13973776222,17867.58762704392,10035.13973896147
17867.58763961398,12135.14106988016,17867.58763124115,10735.13973896147
17867.58763124115,10735.13973896147,18067.58763119668,10735.13973776222
18067.58763119668,10735.13973776222,18067.58764022399,12235.14151296858
21267.58764714652,12235.1397318471,21267.58764707457,10735.1397384032
21267.58764707457,10735.1397384032,21467.5876470152,10735.13973839657
21467.5876470152,10735.13973839657,21467.58764710763,12135.13972814026
21467.58764703848,10035.13973841001,21267.58764705152,10035.1397384032
21267.58764705152,10035.1397384032,21267.58764707061,9935.139738408037
21467.58764703848,10035.13973841001,23867.58764711369,10035.13973809342
21467.58761579936,9835.139738412578,23767.58761584383,9835.13973812608
23867.58764711299,10035.13973809342,24867.58761580099,10035.13973799971
23867.58761592113,9835.139738116302,24867.58761592509,9835.139737999654
24367.58166238337,10935.1397301642,24367.65347642891,12135.13973824709
24567.59363180768,11135.1397302585,24567.65946493179,12235.19959035755
24367.65347642891,12135.13973824709,21467.58764710763,12135.13972814026
24467.58764343101,12335.13973862661,21467.58763688078,12335.1397281714
21267.58763869709,12235.13972614531,21267.58763028166,12735.13974084694
21467.58763688078,12335.1397281714,21467.58763028166,12735.13974421309
21267.58763028166,12735.13974084694,21467.58763028166,12735.13974421309
19067.58762879899,385.139735090258,19067.5876311436,485.139742192524
19067.5876311436,485.139742192524,18867.58763118039,485.1397469905232
18867.58764680425,1135.139737790278,18867.58764197581,935.139746990465
18867.58764197581,935.139746990465,19067.5876419665,935.1397421925822
11767.58762642343,11135.13973157422,11767.58762642319,11935.13973764872
11767.58762642319,11935.13973764872,11567.58762650259,11935.13973764854
11567.58762650259,11935.13973764854,11567.5876264644,11135.13973857847
11567.58762646277,13035.13973769889,11567.58762650166,12935.13973780116
11567.58762650166,12935.13973780116,11767.58762642226,12935.13973780134
11767.58762642226,12935.13973780134,11767.58762642156,13035.13973763783
24567.59363180768,11135.1397302585,24967.58761582218,11135.13973040885
24367.58166238337,10935.1397301642,24867.58761578633,10935.13973037532
27767.58761583918,11135.13973182393,27767.58761582125,11935.13973094645
27767.58761582125,11935.13973094645,27567.58761588132,11935.13973094657
27567.58761588132,11935.13973094657,27567.58761588016,11135.13973174413
27567.58761588202,13035.13973088924,27567.58761588225,12935.13973094657
27567.58761588225,12935.13973094657,27767.58761582218,12935.1397309464
27767.58761582218,12935.1397309464,27767.58761584081,13035.1397310287
31167.58761532509,7635.411363928639,31167.58761549808,7135.411363923866
30967.58761521472,7535.411363972412,30967.58761533463,6935.411363862981
32267.58761504476,7135.411363975963,32167.58761507805,7135.411364038536
32167.58761507805,7135.411364038536,32167.58761508737,6935.411363957104
32167.58761508737,6935.411363957104,32267.58761510436,6935.411363924623
30967.58761533463,6935.411363862981,31267.58761508737,6935.411363914437
31267.58761508737,6935.411363914437,31267.58761507805,7135.41136399587
31267.58761507805,7135.41136399587,31167.58761549808,7135.411363923866
31067.58761510832,8835.139731547042,31067.58761509156,8785.472614343866
31067.58761509156,8785.472614343866,31167.58761515861,8785.472614363887
31167.58761515861,8785.472614363887,31167.58761509831,9035.13973156561
31167.58761532602,7635.411363968104,31167.58761532136,7785.472614669011
31167.58761532136,7785.472614669011,31067.58761529202,7785.472614649046
31067.58761529202,7785.472614649046,31067.58761532858,7735.411363967291
30967.58761521472,7535.411363972412,28967.58761584081,7535.41136387794
31067.58761532858,7735.411363967291,28967.58761588109,7735.411363868163
31067.58761510832,8835.139731547042,28967.58761588225,8835.139731447856
31167.58761509831,9035.13973156561,28967.58761585641,9035.139731461653
32467.58761511088,7035.411363987662,32467.5876159081,2935.411364036499
32267.58761510436,6935.411363924623,32267.58761590484,2935.41136409395
28767.58761584057,7635.411363864378,28767.58761584197,8935.139731443782
28967.58761588109,7735.411363868163,28967.58761588225,8835.139731447856
28767.58761584197,8935.139731443724,28767.58761583987,10935.13973251049
28967.58761585641,9035.139731461653,28967.5876158578,11135.1397325258
26187.81390611615,11135.13973098254,26187.81390603536,11735.13973201689
26287.81390604537,11135.13973103621,26287.81390603536,11735.13973202725
26187.81390603536,11735.13973201689,26287.81390603536,11735.13973202725
26287.81390604537,11135.13973103621,27567.58761588016,11135.13973174413
26187.81390616341,10935.13973095809,27567.58761588831,10935.13973171835
24467.58764343101,12335.13973862661,24467.58764340353,12335.13973864267
24567.58762596917,12335.19959965447,24567.58761760217,12335.21157374518
24467.58764340353,12335.13973864267,24567.58761760217,12335.21157374518
24567.58762596917,12335.19959965447,25067.59959093362,12335.13973105222
24567.65946493179,12235.19959035755,25067.58761750671,12235.13973176904
25067.59959093362,12335.13973105222,25067.58761750671,12235.13973176904
25067.58761589506,10935.13973047194,25127.81390847659,10935.13973050285
25127.81390847659,10935.13973050285,25127.81390838672,11135.13973050856
25127.81390838672,11135.13973050856,24967.58761581939,11135.13973040885
26187.81390611615,11135.13973098254,26127.81390823421,11135.13973097864
26127.81390823421,11135.13973097864,26127.81390832408,10935.13973093679
26127.81390832408,10935.13973093679,26187.81390615294,10935.13973095809
25067.58761588248,9935.139737966882,25067.58761595513,10085.13973790658
25067.58761595513,10085.13973790658,24867.58761577305,10085.13973790332
24867.58761577305,10085.13973790332,24867.58761580099,10035.13973799971
24867.58761578633,10935.13973037532,24867.58761576001,10885.13973805588
24867.58761576001,10885.13973805588,25067.58761596537,10885.1397380592
25067.58761596537,10885.1397380592,25067.58761589506,10935.13973047194
14767.58302555253,11135.13973031007,14767.5171924282,12235.19959021383
14967.59499497755,10935.13972997171,14967.52318162165,12135.12820180517
14967.59499497755,10935.13972997171,14467.58904147611,10935.13973018289
14767.58302555253,11135.13973031007,14367.58904153734,11135.13973040885
13047.36275124966,11135.13973099838,13047.36275132417,11735.13973202719
13147.36275135327,11135.13973104861,13147.36275132417,11735.13973201689
13047.36275132417,11735.13973202719,13147.36275132417,11735.13973201689
14767.5171924282,12235.19959021383,14267.58903985328,12235.13973176904
14867.588567381,12335.21157299134,14267.57706642637,12335.13973105222
14267.58903985328,12235.13973176904,14267.57706642637,12335.13973105222
14367.58904154014,11135.13973040885,14207.36274901844,11135.13973046601
14207.36274901844,11135.13973046601,14207.36274892857,10935.13973037421
14207.36274892857,10935.13973037421,14267.58904158903,10935.13973043778
13147.36275120705,10935.13973095809,13207.36274892834,10935.13973083871
13207.36274892834,10935.13973083871,13207.36274901844,11135.13973099034
13207.36274901844,11135.13973099034,13147.36275135327,11135.13973104861
14467.58904146121,10035.13973798306,14467.58904150312,10085.13973804849
14467.58904150312,10085.13973804849,14267.58904146517,10085.13973805169
14267.58904146517,10085.13973805169,14267.58904147704,9935.139737966882
14267.58904158903,10935.13973043778,14267.58904155481,10885.13973805175
14267.58904155481,10885.13973805175,14467.58904151639,10885.13973804849
14467.58904151639,10885.13973804849,14467.58904147611,10935.13973018289
13147.36275120705,10935.13973095809,11767.58760856392,10935.13973161613
13047.36275124966,11135.13973099838,11767.58762642343,11135.13973157422
14867.58642514815,12335.12775834114,17867.58764078954,12335.1410698262
14967.52318162165,12135.12820180517,17867.58763961398,12135.14106988016
17867.58764078954,12335.1410698262,17867.58764322192,12735.13974312961
18067.58764022399,12235.14151296858,18067.58764322192,12735.13974193041
17867.58764322192,12735.13974312961,18067.58764322192,12735.13974193041
367.5895515260945,8635.68297841959,367.5878127165797,9535.682591185443
667.5887788166019,9035.682977550434,667.5878127158812,9535.683170839915
367.5878127165797,9535.682591185443,667.5878127158812,9535.683170839915
667.5887788166019,9035.682977550434,1067.591824973906,9035.682976737215
367.5895515260945,8635.68297841959,1067.591824005098,8635.682976737215
1067.591824973906,9035.682976737215,1067.591824005098,8635.682976737215
667.5887788198615,14035.14004152129,667.5878127158812,13535.13984852412
367.5895517328481,14435.14004089619,367.5878127165797,13535.1404281786
667.5878127158812,13535.13984852412,367.5878127165797,13535.1404281786
367.5895517328481,14435.14004089619,1067.591824005098,14435.14004262682
667.5887788198615,14035.14004152129,1067.591824973906,14035.14004262683
1067.591824005098,14435.14004262682,1067.591824973906,14035.14004262683
38667.58949491984,9035.682977417371,38667.59046105828,9535.683170466746
38967.5887219994,8635.682978036468,38967.59046105758,9535.682590806453
38667.59046105828,9535.683170466746,38967.59046105758,9535.682590806453
38967.5887219994,8635.682978036468,38267.58644975137,8635.682976371903
38667.58949491984,9035.682977417371,38267.58644879048,9035.682976371903
38267.58644975137,8635.682976371903,38267.58644879048,9035.682976371903
38967.58872212234,14435.14004054974,38967.59046113581,13535.14042779949
38667.58949502718,14035.14004142484,38667.59046113651,13535.13984815107
38967.59046113581,13535.14042779949,38667.59046113651,13535.13984815107
38667.58949502718,14035.14004142484,38267.5864488885,14035.14004226151
38967.58872212234,14435.14004054974,38267.58644986522,14435.14004226151
38267.5864488885,14035.14004226151,38267.58644986522,14435.14004226151
15567.57726279248,1135.139737993132,16067.58762506532,1135.139738206405
15767.57726287187,935.1397381390587,15967.58762500176,935.1397382242749
15767.57726273357,385.1397378718857,15967.58762433074,385.1397380083245
15567.57726255359,185.1397378499414,16167.58762448488,185.1397382592577
15567.57726255359,185.1397378499414,15567.57726279248,1135.139737993132
15767.57726273357,385.1397378718857,15767.57726287187,935.1397381390587
15967.58762481619,385.1397381973247,15967.58762500176,935.1397382242749
16167.58762487044,485.1397381481974,16167.58762503831,1035.139738056229
21867.58761066056,485.1397378378924,22067.58762110301,485.1397378843421
21867.58761073041,185.1397378378924,22067.58762117286,185.1397378843421
21867.58761066056,485.1397378378924,21867.58761073041,185.1397378378924
22067.58762110301,485.1397378843421,22067.58762117286,185.1397378843421
22767.58762095959,485.1397380470907,23167.58759820761,485.1397381934248
22767.58762102944,185.1397380470907,23167.5875978395,185.1397380439475
22767.58762095959,485.1397380470907,22767.58762102944,185.1397380470907
23767.59796041713,185.139737966997,23167.5875978395,185.1397383761969
23567.59796044484,385.1397382942987,23367.58759921414,385.1397384307956
23567.59796044484,385.1397382942987,23567.59796024833,935.1397317203836
23767.59796041713,185.139737966997,23767.59796014914,934.805486918197
23167.5875978395,185.1397383761969,23167.5875978395,185.1397380439475
23367.58759921414,385.1397384307956,23367.58759835406,385.1397381972665
23167.58759820761,485.1397381934248,23167.58759813148,1035.139738056171
23367.58759835406,385.1397381974994,23367.58759826372,935.1397318055997
25567.58761668203,2435.139717293731,25567.58761635583,3735.139731366539
25767.58761670438,2335.139723646749,25767.58761636212,3735.139731305713
25567.58760026188,2435.139717304849,25567.58761668203,2435.139717293731
25567.58760002718,2235.139717304849,25567.58759809096,2235.139717318528
25567.58760026188,2435.139717304849,25567.58760002718,2235.139717304849
25567.58759836687,1134.805486124593,25567.58759809096,2235.139717318528
25767.58759825371,1134.805485980762,25767.58759800994,2335.139724057229
25767.58761636212,3735.139731305713,26467.58747838202,3735.1397312652
26467.58747838202,3735.1397312652,26467.58747839273,3935.139731282313
26467.58747839273,3935.139731282313,25667.58761633348,3935.139731311475
28767.58761584011,3935.139731129808,28467.58747854524,3935.139731165141
28467.58747854524,3935.139731165141,28467.58747853452,3735.139731157516
28467.58747853452,3735.139731157516,28767.58761587061,3735.139731144129
23567.59796024833,935.1397317203836,23367.58759826372,935.1397318055997
23667.59796026137,1135.139731660197,23267.58761721684,1135.139731529521
13567.58760681233,2335.139723646749,13567.58760718789,3735.139738014786
13767.58760686798,2435.139717421789,13767.58760719394,3735.139738034402
13767.58762348906,2235.139717304849,13767.58762548488,2235.139717445595
13767.58762325437,2435.139717304849,13767.58760686798,2435.139717421789
13767.58762348906,2235.139717304849,13767.58762325437,2435.139717304849
13567.58762513447,1135.139730755591,13567.5876255063,2335.139724057229
13767.58762515869,935.1397309417398,13767.58762548488,2235.139717445595
13218.22223172869,1135.139730765021,13567.58762513447,1135.139730755591
13218.22223174779,935.1397307650213,13767.58762515869,935.1397309417398
13218.22223172869,1135.139730765021,13218.22223174779,935.1397307650213
13667.58760718323,3935.139738038535,12867.5874784202,3935.139738011875
12867.5874784202,3935.139738011875,12867.58747843115,3735.139738012108
12867.58747843115,3735.139738012108,13567.58760718789,3735.139738014786
10567.58762648885,3735.139737853492,10867.58747858388,3735.13973790454
10867.58747858388,3735.13973790454,10867.58747857294,3935.139737926019
10867.58747857294,3935.139737926019,10567.58762644252,3935.139737905414
25567.58759836687,1134.805486124593,25469.23113414433,1134.805486148342
25469.23113414433,1134.805486148342,25469.23113405911,934.8054861457812
25469.23113405911,934.8054861457812,25669.22960018713,934.8054860758738
23767.59796014914,934.805486918197,23819.23113405911,934.8054868766949
23819.23113405911,934.8054868766949,23819.23113414433,1134.805486847067
23819.23113414433,1134.805486847067,23669.24147317858,1134.8054869285
26118.59650468614,934.8054860332659,25669.23111124404,934.8054860758738
26118.59650470523,1134.805486033266,25767.58759825371,1134.805485980762
26118.59650468614,934.8054860332659,26118.59650470523,1134.805486033266
