21602.97656101167,14697.35613284141,23502.97656101167,14697.35613284141
21602.97656101167,14697.35613284094,23502.97656101167,14697.35613284094
28602.97656100236,14697.35613284094,26702.97656100236,14697.35613284094
45002.97656099677,14697.35613284094,46902.9765609977,14697.35613284094
3702.976561033094,12697.35613266318,802.9765610186586,12697.35613259565
3702.97656083286,2097.356132663294,1402.976561021918,2097.356132663294
1402.976560991185,2097.35613266632,3502.976560830066,2097.356132667252
1402.976560991185,2097.35613266632,1402.976560991185,3197.356132664458
802.97656101959,9297.356132674586,802.9765610191243,11497.35613267493
1202.976561018193,9297.356132674933,802.97656101959,9297.356132674586
802.9765659933183,9297.356132722665,802.9765659933183,11497.35613272301
9902.976561236588,2097.420644868837,12602.97724429697,2097.356133125928
14202.97357350348,2097.356133125695,16902.97656118141,2097.356133125695
33302.97656105032,2097.420644868837,36002.9772441107,2097.356133125928
37602.97357331721,2097.356133125695,40302.97656099514,2097.356133125695
52402.97656091342,14697.35613284141,50502.97656091341,14697.35613284141
52402.97656091342,14697.35613284094,50502.97656091341,14697.35613284094
70302.97656089198,12697.35613266318,73202.97656090643,12697.35613259565
70302.97656109223,2097.356132663294,72602.97656090317,2097.356132663294
72602.97656093391,2097.35613266632,70502.97656109503,2097.356132667252
72602.97656093391,2097.35613266632,72602.97656093391,3197.356132664458
73202.9765609055,9297.356132674586,73202.97656090597,11497.35613267493
72802.9765609069,9297.356132674933,73202.9765609055,9297.356132674586
73202.97655593177,9297.356132722665,73202.97655593177,11497.35613272301
64102.9765606885,2097.420644868837,61402.97587762812,2097.356133125928
59802.97954842161,2097.356133125695,57102.97656074368,2097.356133125695
21102.97656100818,11797.35613284468,23502.97656100981,11797.35613284468
21202.97656100818,11697.35613283832,23502.97656100818,11697.35613283832
20002.97656100818,11097.35613283832,20202.97656100422,11097.35613283839
20202.97656100422,11097.35613283839,20202.97656100422,11297.3561328361
20202.97656100422,11297.3561328361,20102.97656100469,11297.35613283832
21102.97656100795,11097.35613283831,21102.97656100818,11297.35613283832
21102.97656100795,9597.356132833362,21278.13345578352,9597.356132842093
21278.13345578352,9597.356132842093,21278.13345578352,9697.356132849414
21278.13345578352,9697.356132849414,21202.97656100795,9697.356132846036
22402.97656100888,9697.356132840827,22078.13345578352,9697.35613284595
22078.13345578352,9697.35613284595,22078.13345578375,9597.356132841858
22078.13345578375,9597.356132841858,22302.97656099794,9597.35613283301
21278.13345579772,9697.356132841149,22078.13345579773,9697.356132840916
22402.97656100422,7697.356132836913,25002.97656100818,7697.356132836913
22302.97656102355,7597.356132842559,25002.97656100586,7597.356132842559
21302.9765610161,8397.356132851028,21402.97656100422,8397.356132848028
21402.97656100422,8397.356132848028,21402.97656100446,8597.356132839124
21402.97656100446,8597.356132839124,21302.97656104846,8597.356132838324
22302.97656102355,8397.356132851042,22302.97656099794,8597.356132838324
22402.97656101097,9597.356132832983,22402.97656100888,8497.356132841176
22302.97656099794,9597.35613283301,22302.97656099794,8597.356132838324
21302.97656100888,8597.356132841174,21302.97656104846,8597.356132838324
21102.97656100888,8597.356132837916,21102.97656101214,8497.356132837916
21302.97656100888,8597.356132841174,21102.97656100888,8597.356132837916
20102.97656100329,14897.35613283876,21402.97656102331,14897.35613283936
20102.97656101657,14697.35613284929,21602.97656102355,14697.35613284999
23702.97656101587,9797.356132839517,23702.97656102099,10147.35613397637
23702.97656102099,10147.35613397637,23502.97656101028,10147.35613397637
23502.97656101028,10147.35613397637,23502.97656100818,9697.356132845382
23502.97656100818,11697.35613283832,23502.97656101028,11047.35613397637
23502.97656101028,11047.35613397637,23702.97656101773,11047.35613397637
23702.97656101773,11047.35613397637,23702.97656100888,11697.35613284117
21402.97656102331,14897.35613283936,21402.97656102355,15497.35613284123
21602.97656102355,14697.35613284999,21602.97656102331,15297.35613284098
22402.97656100888,8497.356132828516,22402.97656100888,7747.356132828516
21602.97656102331,15297.35613284098,21602.97655947848,15497.35613283903
21602.97655947848,15497.35613283903,21402.97656102355,15497.35613284123
23702.97656100539,15497.35613284147,23102.97655940212,15497.35613283918
23102.97655940212,15497.35613283918,23102.97655940212,15297.35613283998
23102.97655940212,15297.35613283998,23502.97656100958,15297.35613284119
21202.97656100818,11697.35613283832,21202.97656100888,11197.3561329357
21102.97656100818,11797.35613284468,21102.97656100818,11297.35613283832
21202.97656100888,11197.35613284117,21202.97656100795,9697.356132846036
21102.97656100795,11097.35613283831,21102.97656100795,9597.356132833362
23602.97656100888,9597.35613284048,23902.97656100446,9597.356132839022
23902.97656100446,9597.356132839022,23902.97656100422,9797.35613283991
23902.97656100422,9797.35613283991,23702.97656101587,9797.356132839517
25002.97656100841,9597.356132839313,25002.97656100097,9797.356132839299
23502.97656100981,11797.35613284468,23502.97656100958,15297.35613284119
23702.97656100888,11697.35613284117,23702.97656100539,15497.35613284147
19902.97656100329,14897.3561328364,19902.97656101167,15497.35613284001
20102.97656100329,14897.35613283876,20102.97656101168,15497.35613284001
19902.97656101167,15497.35613284001,20102.97656101168,15497.35613284001
19902.97656101679,12697.35613284526,19902.97656101633,14697.3561328411
20102.97656101168,12597.35613284187,20102.97656101657,14697.35613284929
17102.97656117675,3097.356132613184,17752.97656100422,3097.356132614625
17752.97656100422,3097.356132614625,17752.97656100422,3297.356132612493
17752.97656100422,3297.356132612493,17102.97656118467,3297.356132613185
21102.9765611863,3297.356132613403,20452.97656100423,3297.356132612646
20452.97656100423,3297.356132612646,20452.97656100469,3097.35613261512
20452.97656100469,3097.35613261512,21202.97656099864,3097.356132613934
17752.97656100329,3097.356132613744,20452.97656100329,3097.35613261389
19902.97656101167,10197.35613284117,19902.97656101167,11197.35613284117
20002.97656101167,10197.35613284117,20002.97656100818,11097.35613283832
19902.97656101167,10197.35613284117,20002.97656101167,10197.35613284117
19902.97656101167,11197.35613284117,19902.97656100469,12497.35613284512
20102.97656100469,11297.35613283832,20102.97656101168,12597.35613284187
29002.97656100818,11697.35613283832,26702.9765610005,11697.35613283832
29102.97656097768,11797.35613284468,26702.97656100655,11797.35613284468
30102.97656099957,11297.35613283832,30002.97656100446,11297.35613283374
30002.97656100446,11297.35613283374,30002.97656100423,11097.35613283576
30002.97656100423,11097.35613283576,30302.97656101051,11097.35613283832
29102.97656097768,11297.35613283832,29102.97656100795,11097.35613283831
29002.97656100795,9697.356132832867,28927.81966618721,9697.356132836112
28927.81966618721,9697.356132836112,28927.81966618697,9597.356132843373
28927.81966618697,9597.356132843373,29102.97656100795,9597.3561328456
27902.97656099794,9597.356132845265,28127.81966622493,9597.35613284314
28127.81966622493,9597.35613284314,28127.81966622516,9697.356132841423
28127.81966622516,9697.356132841423,27802.97656100516,9697.356132840827
28927.81966621771,9697.356132841149,28127.81966621771,9697.356132840916
27902.97656102355,7597.356132842559,25202.97656100399,7597.356132842559
27802.97656100422,7697.356132842559,25202.97656100818,7697.356132842559
28902.97656094718,8597.356132851042,28802.97656100422,8597.35613285474
28802.97656100422,8597.35613285474,28802.97656100422,8397.356132832823
28802.97656100422,8397.356132832823,28902.97656100353,8397.356132838324
27902.97656099794,8597.356132851042,27902.97656102355,8397.356132838324
27902.97656099794,9597.356132845265,27902.97656099794,8597.356132851042
27802.97656101097,9597.356132832518,27802.97656100516,8497.356132841176
29102.97656100516,8597.356132841174,29102.97656100516,8497.356132841176
28902.97656100516,8597.356132841174,28902.97656094718,8597.356132851042
29102.97656100516,8597.356132841174,28902.97656100516,8597.356132841174
33102.97655595692,12697.35613284439,32802.97656102332,12697.35613284419
32802.97656102332,12697.35613284419,32802.97656102332,12497.35613284126
32802.97656102332,12497.35613284126,33102.97655595529,12497.35613284426
30302.97656101028,12497.35613284426,30702.97656100422,12497.35613284126
30702.97656100422,12497.35613284126,30702.97656100446,12697.35613284417
30702.97656100446,12697.35613284417,30302.97656100329,12697.35613284437
32802.97656100585,12697.35613284187,30702.97656100585,12697.35613284187
30102.97656100329,14697.35613283985,28602.97656099794,14697.35613284056
30102.97656099817,14897.35613283948,28802.97656099794,14897.3561328401
26702.9765610005,9697.356132844901,26702.97656100003,10147.35613397637
26702.97656100003,10147.35613397637,26502.9765610133,10147.35613397637
26502.9765610133,10147.35613397637,26502.97656100841,9797.35613284266
26502.97656100515,11697.35613284117,26502.97656101191,11047.35613397637
26502.97656101191,11047.35613397637,26702.97656100003,11047.35613397637
26702.97656100003,11047.35613397637,26702.9765610005,11697.35613283832
28602.97656099794,14697.35613284056,28602.97656099794,15297.35613283873
28802.97656099794,14897.3561328401,28802.97656099817,15497.35613283898
25202.97656100399,7597.356132842559,25202.97656100515,3297.3561328202
25002.97656100586,7597.356132842559,25002.97656100702,3297.356132822324
27802.97656100516,8497.356132828516,27802.97656100516,7747.356132828516
28802.97656099817,15497.35613283898,28602.97656254929,15497.35613283794
28602.97656254929,15497.35613283794,28602.97656254929,15297.35613284157
26702.97656100632,15297.35613283895,27102.97656262566,15297.35613284173
27102.97656262566,15297.35613284173,27102.97656262566,15497.35613283812
27102.97656262566,15497.35613283812,26502.97656100213,15497.35613283924
29102.97656097768,11797.35613284468,29102.97656097768,11297.35613283832
29002.97656100818,11697.35613283832,29002.97656100515,11197.3561329357
29102.97656100795,11097.35613283831,29102.97656100795,9597.3561328456
29002.97656100515,11197.35613284117,29002.97656100795,9697.356132832867
33102.97656107594,3297.356132615709,32502.97656090876,3297.356132615367
32502.97656090876,3297.356132615367,32502.976560909,3097.356132609816
32502.976560909,3097.356132609816,33102.97656108083,3097.356132612071
29002.9765610154,3097.356132613934,29802.976560909,3097.356132611045
29802.976560909,3097.356132611045,29802.97656090876,3297.356132615512
29802.97656090876,3297.356132615512,29102.97656100725,3297.35613261592
32502.97656091622,3097.356132613744,29802.97656091622,3097.35613261389
26502.97656100841,9797.35613284266,26302.97656100446,9797.356132849733
26302.97656100446,9797.356132849733,26302.97656100446,9597.356132835093
26302.97656100446,9597.356132835093,26602.97656100516,9597.35613284048
25202.97656100399,9797.356132842442,25202.97656100841,9597.356132832285
30102.97656099957,11297.35613283832,30102.97656100236,12597.35613284187
30302.97656101051,11097.35613283832,30302.97656101028,12497.35613284426
26502.97656100515,11697.35613284117,26502.97656100213,15497.35613283924
26702.97656100655,11797.35613284468,26702.97656100632,15297.35613283895
30102.97656099817,14897.35613283948,30102.97656100236,15497.3561310684
30302.97656100306,14897.35613283172,30302.97656100236,15497.3561310684
30102.97656100236,15497.3561310684,30302.97656100236,15497.3561310684
25202.97656100841,9597.356132832285,25202.97656100818,7697.356132842559
25002.97656100841,9597.356132839313,25002.97656100818,7697.356132836913
25202.97656099026,10597.35613397133,25202.97656100399,9797.356132842442
25002.97656099025,10597.35613397071,25002.97656100097,9797.356132839299
25202.97656099026,10597.35613397133,25002.97656099025,10597.35613397071
30102.97656100236,12597.35613284187,30102.97656100329,14697.35613283985
30302.97656100329,12697.35613284437,30302.97656100376,14697.35613282648
44502.97656097768,11797.35613284468,46902.97656099235,11797.35613284468
44602.97656100818,11697.35613283832,46902.97656099281,11697.35613283832
43302.97656099304,11097.35613283832,43602.97656098559,11097.35613282812
43602.97656098559,11097.35613282812,43602.97656098536,11297.3561328252
43602.97656098536,11297.3561328252,43502.97656099304,11297.35613283832
44502.97656099793,11097.35613283831,44502.97656097768,11297.35613283832
44502.97656099793,9597.356132839255,44678.13345578352,9597.356132832823
44678.13345578352,9597.356132832823,44678.13345578352,9697.356132832925
44678.13345578352,9697.356132832925,44602.97656098769,9697.356132839226
45802.97656099397,9697.356132840827,45478.13345578352,9697.356132833987
45478.13345578352,9697.356132833987,45478.13345578352,9597.356132832607
45478.13345578352,9597.356132832607,45702.97656099794,9597.35613283892
44678.13345578073,9697.356132841149,45478.13345578073,9697.356132840916
45802.97656098513,7697.356132843548,48402.9765610161,7697.356132843548
45702.97656100446,7597.356132838585,48402.9765610133,7597.356132838585
44702.97656099817,8497.356132838326,44802.97656098513,8497.356132826493
44802.97656098513,8497.356132826493,44802.97656098536,8597.356132842515
44802.97656098536,8597.356132842515,44702.97656089572,8597.356132851042
45702.97656100446,8497.356132838326,45702.97656099794,8597.356132851042
45802.97656099793,9597.356132838891,45802.97656099397,8497.356132841176
45702.97656099794,9597.35613283892,45702.97656099794,8597.356132851042
44702.97656099398,8597.356132841174,44702.97656089572,8597.356132851042
44502.97656099397,8597.356132837916,44502.97656099723,8497.356132837916
44702.97656099398,8597.356132841174,44502.97656099397,8597.356132837916
40502.97655565773,12497.35613284596,40902.97656100445,12497.3561328416
40902.97656100445,12497.3561328416,40902.97656100422,12697.35613284224
40902.97656100422,12697.35613284224,40502.97655564422,12697.35613284104
43302.97656099933,12697.35613284106,43002.97656100422,12697.35613284225
43002.97656100422,12697.35613284225,43002.97656100445,12497.3561328416
43002.97656100445,12497.3561328416,43302.97656099281,12497.35613284596
40902.97656099421,12697.35613284187,43002.97656099421,12697.35613284187
43502.97656099817,14897.35613284475,44802.97656099817,14897.35613284535
43502.97656099933,14697.35613284525,45002.97656099793,14697.35613284595
47102.97656099305,9797.35613283911,47102.97656099747,10147.35613395729
47102.97656099747,10147.35613395729,46902.97656099281,10147.35613395731
46902.97656099281,10147.35613395731,46902.97656099281,9697.356132838557
46902.97656099281,11697.35613283832,46902.97656099281,11047.35613397637
46902.97656099281,11047.35613397637,47102.97656099793,11047.35613397637
47102.97656099793,11047.35613397637,47102.97656099397,11697.35613284117
44802.97656099817,14897.35613284535,44802.97656099794,15497.35613284032
45002.97656099793,14697.35613284595,45002.97656099793,15297.35613283998
45802.97656099397,8497.356132828547,45802.97656099397,7747.356132828546
45002.97656099793,15297.35613283998,45002.97655949781,15497.3561328373
45002.97655949781,15497.3561328373,44802.97656099794,15497.35613284032
47102.97656099258,15497.35613284056,46502.97655942144,15497.35613283746
46502.97655942144,15497.35613283746,46502.97655942098,15297.35613283508
46502.97655942098,15297.35613283508,46902.97656099235,15297.3561328402
44602.97656100818,11697.35613283832,44602.97656099397,11197.3561329357
44502.97656097768,11797.35613284468,44502.97656097768,11297.35613283832
44602.97656099397,11197.35613284117,44602.97656098769,9697.356132839226
44502.97656099793,11097.35613283831,44502.97656099793,9597.356132839255
47002.97656099397,9597.35613284048,47302.97656100422,9597.356132837902
47302.97656100422,9597.356132837902,47302.97656100446,9797.35613283479
47302.97656100446,9797.35613283479,47102.97656099305,9797.35613283911
48402.9765610161,9597.356132839503,48402.97656102541,9797.356132838993
43302.97656099304,11097.35613283832,43302.97656099281,12497.35613284596
43502.97656099304,11297.35613283832,43502.9765609977,12597.35613284187
46902.97656099235,11797.35613284468,46902.97656099235,15297.3561328402
47102.97656099397,11697.35613284117,47102.97656099258,15497.35613284056
43302.97656099328,14897.35613282725,43302.9765609977,15497.3561310684
43502.97656099817,14897.35613284475,43502.9765609977,15497.3561310684
43302.9765609977,15497.3561310684,43502.9765609977,15497.3561310684
43302.97656099933,12697.35613284106,43302.97656099933,14697.35613282688
43502.9765609977,12597.35613284187,43502.97656099933,14697.35613284525
40502.97656100003,3097.356132614479,41102.97656109968,3097.356132614843
41102.97656109968,3097.356132614843,41102.97656109968,3297.356132610965
41102.97656109968,3297.356132610965,40502.97656099305,3297.356132610856
44502.97656117093,3297.356132611067,43802.97656108059,3297.35613261111
43802.97656108059,3297.35613261111,43802.97656108059,3097.356132614479
43802.97656108059,3097.356132614479,44602.97656098466,3097.356132613934
41102.97656108827,3097.356132613744,43802.97656108827,3097.35613261389
48602.97656112995,10597.35613397168,48602.9765610126,9697.356132840361
48402.97656112995,10597.35613398472,48402.97656102541,9797.356132838993
48602.97656112995,10597.35613397168,48402.97656112995,10597.35613398472
48602.9765610126,7697.356132841176,48602.97656101353,3197.356132824645
48402.9765610133,7597.356132838585,48402.976561014,3297.356132824579
48602.9765610126,9697.356132840361,48602.9765610126,7697.356132841176
48402.9765610161,9597.356132839503,48402.9765610161,7697.356132843548
25202.97656093717,3097.35613281881,25202.97656100399,1497.356131519796
25002.9765609374,3097.356132820833,25002.97656100446,1497.356131528098
48602.97656101353,3197.356132824645,48602.97656100608,1297.343846460471
48402.97656101284,3097.356132826166,48402.97656101284,1497.368416030638
21202.97656118676,3097.35613282092,21952.97656102332,3097.356132819014
21952.97656102332,3097.356132819014,21952.97656102355,3297.356132825933
21952.97656102355,3297.356132825933,21302.97656118536,3297.35613282199
25002.97656100702,3297.356132822324,24352.97656104264,3297.356132826144
24352.97656104264,3297.356132826144,24352.97656104241,3097.356132818962
24352.97656104241,3097.356132818962,25002.9765609374,3097.356132820833
44602.97656180609,3097.35613282418,45352.97656100445,3097.356132824762
45352.97656100445,3097.356132824762,45352.97656100445,3297.356132824478
45352.97656100445,3297.356132824478,44702.97656117232,3297.356132824253
48402.976561014,3297.356132824579,47752.97656100422,3297.356132824696
47752.97656100422,3297.356132824696,47752.97656100422,3097.35613282602
47752.97656100422,3097.35613282602,48402.97656101284,3097.356132826166
25202.97656093717,3097.35613281881,25852.97656258747,3097.356132817835
25852.97656258747,3097.356132817835,25852.97656258724,3297.356132820556
25852.97656258724,3297.356132820556,25202.97656100515,3297.3561328202
28902.97656100446,3297.356132820527,28252.97656258747,3297.356132820774
28252.97656258747,3297.356132820774,28252.97656258747,3097.35613281961
28252.97656258747,3097.35613281961,29002.97656082541,3097.356132821619
21252.97656155673,1297.35612499634,21252.97656159002,1297.35612784172
21052.97656148502,1297.356125109023,21052.97656159002,1297.356127898021
21252.97656159002,1297.35612784172,21052.97656159002,1297.356127898021
20902.97656130667,797.3561251900991,21502.97656128129,797.3561248530694
20802.97656122727,697.356125242537,21602.97656121167,697.3561247931739
20902.97656160633,1297.35612519333,20902.97656130667,797.3561251900991
20802.97656170667,1497.356125234089,20802.97656122727,697.356125242537
21602.97656169084,1497.356124767279,21602.97656121167,697.3561247931739
21502.97656158071,1297.356124855987,21502.97656128129,797.3561248530694
20802.97656170667,1497.356125234089,21152.97656194789,1497.356125033549
20902.97656160633,1297.35612519333,21052.97656148502,1297.356125109023
21152.97656194789,1497.356125033549,21602.97656169084,1497.356124767279
21252.97656155673,1297.35612499634,21502.97656158071,1297.356124855987
9702.97656128455,2097.356132447809,8902.976560927855,2097.356132447387
8902.976560927855,2097.356132447387,8902.976560928086,1897.356132448143
8902.976560928086,1897.356132448143,9702.976561286881,1897.356132447794
5402.976560841242,1897.35613244802,6202.976560928088,1897.356132448289
6202.976560928088,1897.356132448289,6202.976560928088,2097.356132447525
6202.976560928088,2097.356132447525,5402.976560845432,2097.356132448027
8902.976560932279,1897.356132449366,6202.976560932278,1897.356132449511
5202.976560844035,1897.356132657684,3902.976560853815,1897.356132657887
5202.976560845666,2097.356132657749,3702.976560841242,2097.356132657982
3902.976560853815,1897.356132657887,3902.976560834257,1297.356132661867
3702.976560841242,2097.356132657982,3702.976560821684,1497.356132667943
9802.97656099817,14097.35613267633,9402.976561023548,14097.35613267924
9402.976561023548,14097.35613267924,9402.976561023315,13897.35613267742
9402.976561023315,13897.35613267742,9702.976560996773,13897.35613267608
6902.976561015865,13897.3561326761,7502.976560985364,13897.35613267742
7502.976560985364,13897.35613267742,7502.976560985364,14097.35613267988
7502.976560985364,14097.35613267988,6702.976561018658,14097.35613267736
4902.976561083153,12897.35613263361,3552.976563504592,12897.3561327826
3552.976563504592,12897.3561327826,3552.976563482473,12697.35613278202
3552.976563482473,12697.35613278202,4802.976561015166,12697.35613264695
802.9765659919211,12697.35613308909,1752.97656348224,12697.35613298097
1752.97656348224,12697.35613298097,1752.976563504591,12897.35613298157
1752.976563504591,12897.35613298157,702.9765610300674,12897.35613309787
6702.74298584291,9297.356132849094,5952.74298584291,9297.356132849094
1202.976561020056,7197.356132512886,1202.97656101959,8497.3561326722
1402.976561028903,7297.356132507719,1402.976561020055,8597.35613267505
6802.97656101051,9297.356132855044,6702.742985831733,9297.356132859453
6702.742985831733,9297.356132859453,6702.742985831966,9097.3561328526
6702.742985831966,9097.3561328526,6702.976561038217,9097.356132847028
4902.976561006085,9097.356132849092,5952.742985850825,9097.356132853472
5952.742985850825,9097.356132853472,5952.742985850825,9297.356132859453
5952.742985850825,9297.356132859453,5002.976561003758,9297.356132855044
5402.976561041708,7297.356132518181,4702.976561023315,7297.356132523217
4702.976561023315,7297.356132523217,4702.976561023548,7097.356132513772
4702.976561023548,7097.356132513772,5202.976561034491,7097.356132514864
3702.976561020056,7097.356132512885,3802.976561042407,7097.356132512594
3802.976561042407,7097.356132512594,3802.976561042407,7297.356132523217
5402.976561041708,7297.356132518181,5402.976560845432,2097.356132448027
5202.976561034491,7097.356132514864,5202.976560845666,2097.356132657749
3702.976561021453,7297.356132507704,3502.976561023548,7297.356132507224
3502.976561023548,7297.356132507224,3502.976561023316,7097.35613250929
3502.976561023316,7097.35613250929,3702.976561020056,7097.356132512885
1402.976561021918,7097.356132507704,2752.976561023315,7097.356132507603
2752.976561023315,7097.356132507603,2752.976561023315,7297.356132507224
2752.976561023315,7297.356132507224,1402.976561028903,7297.356132507719
3502.976561020754,7297.356132512885,2752.976561020754,7297.356132512885
6702.976561006086,9097.356132854447,6702.976561038217,9097.356132847028
6902.976561006086,9097.356132854447,6902.976561006086,9197.356132849092
6702.976561006086,9097.356132854447,6902.976561006086,9097.356132854447
602.9765609949098,2897.356132673014,1202.976561020521,2897.356132673014
802.976560983734,2697.356132647577,1402.976561022617,2697.356132647585
602.9765609949098,2897.356132673014,602.9765609942114,2697.356132660289
602.9765609942114,2697.356132660289,802.9765609774477,2697.356132660296
5702.976560838215,97.35613239543638,4902.976560726922,97.35613242555883
5602.976560736468,297.3561324066559,5102.976560732742,297.3561324254788
5102.976560732742,697.3561324378551,5102.976560732742,297.3561324254788
4902.976560726922,897.3561324434648,4902.976560726922,97.35613242555883
5702.976560722964,297.3561299853918,5702.976560838215,97.35613239543638
5602.976560722964,297.3561299853918,5602.976560736468,297.3561324066559
5702.976560722964,297.3561299853918,5602.976560722964,297.3561299853918
3702.976560821684,1497.356132667943,3702.976560908996,1297.356132660041
3702.976560908996,1297.356132660041,3902.976560834257,1297.356132661867
1202.976561020521,2897.356132673014,1202.976561020056,7197.35613251287
1402.976561022617,2697.356132647585,1402.976561021918,7097.356132507704
4802.976561004456,9297.356132843273,4702.976560985364,9297.35613283892
4702.976560985364,9297.35613283892,4702.97656098513,9097.356132858684
4702.97656098513,9097.356132858684,4902.976561006085,9097.356132849092
3802.976561099684,9297.356132843273,3802.976561020987,9097.356132854418
5402.976560841242,1897.35613244802,5402.976560802127,697.356132427487
5202.976560844035,1897.356132657684,5202.976560811206,897.3561324330894
3702.976561021453,9197.356132675039,1402.976560997936,9197.356132674498
3702.97656094718,9297.356132675051,1202.976561023548,9297.356132674455
1202.976561023548,8697.3561326722,1202.97656101959,8497.3561326722
3702.97656094718,9297.356132675051,3702.976561020056,9297.356132675633
3802.976561099684,9297.356132843273,3802.976561020056,9297.356132675633
3702.976561020056,9297.356132675633,3802.976561020056,9297.356132675633
1202.976561023548,8697.3561326722,1202.976561023548,9297.356132674455
1402.976561020055,8597.35613267505,1402.976560997936,9197.356132674498
6702.976561014934,12897.35613267691,6502.742985850826,12897.3561326742
6502.742985850826,12897.3561326742,6502.742985850826,12697.35613267713
6502.742985850826,12697.35613267713,6702.976561018658,12697.3561326777
5002.976561014468,12697.35613267758,5302.976561004223,12697.35613267706
5302.976561004223,12697.35613267706,5302.976561004456,12897.35613267372
5302.976561004456,12897.35613267372,4902.976561009811,12897.35613267621
6702.976561016331,12297.35613267652,6702.976561018658,12697.3561326777
6902.97656101633,12297.35613267614,6902.976561017261,12797.35613267614
6702.976561014934,12897.35613267691,6702.976561018658,14097.35613267736
6902.976561017261,12797.35613267602,6902.976561015865,13897.3561326761
4802.976561004456,9297.356132843273,4802.976561015166,12697.35613264695
5002.976561003758,9297.356132855044,5002.976561014468,12697.35613267758
29152.97656053507,1297.356125107946,29152.97656042401,1297.35612784172
28952.97656046359,1297.3561249875,28952.97656042401,1297.356127785419
29152.97656042401,1297.35612784172,28952.97656042401,1297.356127785419
29402.9765607849,697.356125211505,28602.9765607835,697.3561247621419
29302.97656073088,797.3561251844748,28702.97656073926,797.3561248474598
29402.97656030526,1497.356125233005,29402.9765607849,697.356125211505
29302.976560431,1297.356125192253,29302.97656073088,797.3561251844748
28702.97656043984,1297.356124847132,28702.97656073926,797.3561248474598
28602.97656030387,1497.356124802029,28602.9765607835,697.3561247621419
29302.976560431,1297.356125192253,29152.97656053507,1297.356125107946
29402.97656030526,1497.356125233005,29052.97656006615,1497.356125033549
28952.97656046359,1297.3561249875,28702.97656043984,1297.356124847132
29052.97656006615,1497.356125033549,28602.97656030387,1497.356124802029
2.976565996810677,11597.3561332157,2.976565999371814,10397.35613313709
2.976565999371814,10397.35613313709,202.9765659951809,10397.35613313717
202.9765659951809,10397.35613313717,202.9765659914556,11397.35613321461
602.976565992154,12697.35613316321,2.976565982375177,12697.35613322325
702.9765660042611,12897.35613314595,2.976566004261258,12897.35613322325
2.976565982375177,12697.35613322325,2.976566004261258,12897.35613322325
602.9765660105477,11397.35613317038,202.9765659914556,11397.35613321461
602.9765659835393,11597.35613314934,2.976565996810677,11597.3561332157
602.9765659821423,11397.35613301906,602.9765660105477,11397.35613317038
802.9765659821423,11397.35613301719,802.9765659830736,11497.35613314502
602.9765659821423,11397.35613301906,802.9765659821423,11397.35613301719
602.9765659835393,11597.35613314934,602.976565992154,12697.35613316321
802.9765659830736,11497.35613314516,802.9765659919211,12697.35613308909
44652.97656160888,1297.3561252409,44652.97656161424,1297.356128108427
44452.97656153717,1297.356125352251,44452.97656161423,1297.356128171328
44652.97656161424,1297.356128108427,44452.97656161423,1297.356128171328
44302.98017002937,797.3561254520919,44902.97656128315,797.3561250745497
44202.98016997559,697.356125511289,45002.97656120632,697.3561250079092
45002.97656174043,1497.356125031527,45002.97656120632,697.3561250079092
44902.97656161633,1297.356125083652,44902.97656128315,797.3561250745497
44202.98017045475,1497.356125494562,44552.97656198537,1497.356125300257
44302.98017032902,1297.356125446671,44452.97656153717,1297.356125352251
44552.97656198537,1497.356125300257,45002.97656174043,1497.356125031527
44652.97656160888,1297.3561252409,44902.97656161633,1297.356125083652
48052.98507809212,1497.411409040536,48402.97656101284,1497.368416030638
48052.96051005127,1297.411410549512,48602.97656100608,1297.343846460471
48052.98507809212,1497.411409040536,48052.96051005127,1297.411410549512
44302.98017032902,1297.356125446671,44302.98017002937,797.3561254520919
44202.98017045475,1497.356125494562,44202.98016997559,697.356125511289
5402.976560802127,697.356132427487,5102.976560732742,697.3561324378551
5202.976560811206,897.3561324330894,4902.976560726922,897.3561324434648
13302.97656119002,2097.356133078256,13302.97656119025,6397.356132858114
13502.97656118932,2097.356133174415,13502.97656118909,6397.356132856863
9702.976561292468,697.3561322294353,9702.976561296893,1397.356133177231
9902.976561290374,897.35613223789,9902.976561283387,1297.356133176896
16902.9765611821,3197.356132613468,16902.97656118467,7097.356132853153
17102.97656118467,3297.356132613185,17102.9765611821,7197.356132841176
12502.96573262817,1497.35613310044,12502.97960280387,2097.356132759867
12702.96110929192,1297.356133106821,12702.97497946762,1897.356132850984
14102.99201303061,1297.356133102099,14102.97814303187,1897.356133402101
14302.98738975978,1497.356133086332,14302.9781430938,1897.356132724368
16902.97656117605,1497.356132976014,16902.9765611821,3197.356132613468
17102.97656117698,1497.356133006049,17102.97656117675,3097.356132613184
12502.97960280387,2097.356132759867,13302.97656119002,2097.356133078256
12702.97497946762,1897.356132850984,13402.97656122937,1897.356133125346
17402.97656099351,697.3561329574458,16602.97656100399,697.3561329872409
17302.97656097419,797.3561329648965,16702.97656099514,797.3561329872409
16702.97656099351,1497.356132991468,16702.97656109572,1497.356132980431
16602.97656099351,1497.356132991468,16602.97656094974,1497.356132987313
16702.97656099351,1497.356132991468,16602.97656099351,1497.356132991468
17302.97656097442,1297.356133008064,17002.97656098187,1297.356132978197
17402.97656099351,1497.35613299953,17102.97656117698,1497.356133006049
17402.97656099351,1497.35613299953,17402.97656099351,697.3561329574458
17302.97656097442,1297.356133008064,17302.97656097419,797.3561329648965
10202.76118566624,1497.386934071803,10202.7611950875,1497.356133163072
10102.7611904097,1497.356133172145,10102.76119035731,1497.356133205774
10202.76118566624,1497.386934071803,10102.7611904097,1497.356133172145
16702.97656099514,1297.356132974057,16702.97656099514,797.3561329872409
16602.97656100399,1297.356132987212,16602.97656100399,697.3561329872409
10102.79199130779,1297.356133170748,10202.82279694888,1297.356133169329
10202.82279694888,1297.356133169329,10202.82279695493,1497.356133156552
10202.82279695493,1497.356133156552,10202.7611950875,1497.356133163072
12002.82279695889,1497.356133109259,12002.8227969682,1297.356133115523
12002.8227969682,1297.356133115523,12102.82279695819,1297.356133110961
16602.97656094974,1497.356132987313,16602.97656100399,1297.356132987212
14703.13032540997,1297.356133073534,14803.13032538064,1297.356133067502
14803.13032538064,1297.356133067502,14803.13032538925,1497.356133069328
17002.97656098164,1297.356132978197,16702.97656099514,1297.356132974057
16902.97656117605,1497.356132976014,16702.97656109572,1497.356132980431
9902.976561308067,1497.356133211282,10102.76119035731,1497.356133205774
9902.976561283387,1297.356133176896,10102.79199130802,1297.356133170748
13502.97656118932,2097.356133174415,14202.97583135373,2097.356133443742
13402.97656122937,1897.356133125346,14102.97814303187,1897.356133402101
11603.17075286426,9097.356132855435,11603.17075286984,8947.356132851028
11603.17075286984,8947.356132851028,11803.17075286263,8947.356132851042
11803.17075286263,8947.356132851042,11803.17075286472,9097.356132882735
11803.17075286449,7297.356132849005,11803.17075286239,7747.356132870105
11803.17075286239,7747.356132870105,11603.17075287008,7747.356132870105
11603.17075287008,7747.356132870105,11603.17075286449,7297.356132852541
15003.17075286053,9097.356132851217,15003.17075286076,8947.35613285823
15003.17075286076,8947.35613285823,15203.17075285704,8947.35613285867
15203.17075285704,8947.35613285867,15203.17075286007,9097.356132854971
15203.17075286356,7297.35613285954,15203.17075285937,7747.35613283959
15203.17075285937,7747.35613283959,15003.17075286286,7747.356132839154
15003.17075286286,7747.356132839154,15003.17075286379,7297.3561328558
13502.97656091132,7197.356132855379,13702.97656090876,7197.356132862771
13702.97656090876,7197.356132862771,13702.97656090899,7297.356132858872
13702.97656090899,7297.356132858872,13502.97656091132,7297.356132855378
15003.17075286379,7297.3561328558,14902.97656090899,7297.356132859191
14902.97656090899,7297.356132859191,14902.97656090876,7197.356132863106
14902.97656090876,7197.356132863106,15003.17075286333,7197.356132855801
13702.9765609069,7297.35613285535,14902.9765609069,7297.356132855175
13702.9765609069,7197.35613285535,14902.9765609069,7197.356132855175
12102.97656099561,13356.94274546669,12102.97656099607,12356.94274546669
9902.976561010975,16497.35613287304,9902.976561001196,16097.35613222266
9702.976561014468,16697.35613286789,9702.976561001196,16097.35613222281
9902.976561001196,16097.35613222266,9702.976561001196,16097.35613222281
12102.97656099537,11497.35613285085,12102.97656099258,10956.94274548096
12102.97656099258,10956.94274548096,12302.97656099794,10956.94274548103
12302.97656099794,10956.94274548103,12302.976560997,11597.35613285398
12302.97656099631,9297.35613285743,12302.97656099747,9956.942745461974
12302.97656099747,9956.942745461974,12102.97656099328,9956.942745461887
12102.97656099328,9956.942745461887,12102.97656099607,9297.356132840885
12102.97656099724,10956.94274546938,12102.9765609977,9956.942745469383
9902.976560999567,11697.35613285615,12102.97656099258,11697.35613285787
9902.97656099817,11497.35613284915,12102.97656099537,11497.35613285085
14202.97656082704,16497.35613285232,14202.97656082611,16397.35613284859
14202.97656082611,16397.35613284859,14402.97656082704,16397.35613284861
14402.97656082704,16397.35613284861,14402.97656082704,16497.35613285788
14402.97656082727,9297.356132854913,14402.97656082727,9397.356132867675
14402.97656082727,9397.356132867675,14202.97656082634,9397.356132867662
14202.97656082634,9397.356132867662,14202.97656082727,9297.356132856587
14202.97656082611,15397.35613286766,14202.97656082611,10397.3561328486
14202.97656082611,10397.3561328486,14402.97656082704,10397.3561328486
14402.97656082704,10397.3561328486,14402.97656082704,15397.35613286767
14402.97656082704,15397.35613286767,14202.97656082611,15397.35613286766
12102.97656099398,16697.35613286093,12102.97656099468,15897.35613223161
12102.97656099468,15897.35613223161,12302.976560997,15897.35613223165
12302.976560997,15897.35613223165,12302.97656099374,16497.35613285231
12302.97656099561,13997.35613285328,12302.9765609977,14897.35613223165
12302.9765609977,14897.35613223165,12102.97656099514,14897.35613223159
12102.97656099514,14897.35613223159,12102.97656099491,14097.35613285187
17102.97656050736,16697.35613285219,17102.97656057651,15197.35613727334
16902.97656050852,16497.35613285788,16902.97656057651,15197.35613726811
9702.976561014468,16697.35613286789,10302.97656276954,16697.35613285561
9902.976561010975,16497.35613287304,10302.97656276954,16497.35613285561
10302.97656276954,16697.35613285561,10302.97656276954,16497.35613285561
14402.97656082704,16497.35613285788,14952.97656062285,16497.35613285901
14952.97656062285,16497.35613285901,14952.97656062285,16697.35613285191
14952.97656062285,16697.35613285191,14302.97656082797,16697.35613285561
17102.97656050736,16697.35613285219,16252.97656062284,16697.35613285032
16252.97656062284,16697.35613285032,16252.97656062284,16497.35613285901
16252.97656062284,16497.35613285901,16902.97656050852,16497.35613285788
13502.97656091132,7197.356132855379,13503.17075288521,7197.356132923075
13502.97656091132,7297.356132855378,13403.17075286915,7297.356132855378
13202.97656091318,7297.356132855394,12002.97656091318,7297.356132855481
13202.97656091318,7197.356132855394,12002.97656091318,7197.356132855481
9702.976560914818,7197.356132855728,9702.976560915049,7397.356132855262
9902.976560859634,7297.356132852629,9902.97656091505,7397.35613285503
9702.976560915049,7397.356132855262,9902.97656091505,7397.35613285503
9902.97656100143,9097.356132855699,9902.976561003527,8997.356132855728
9702.976561003525,9197.356132855612,9702.976561003525,8997.356132855728
9902.976561003527,8997.356132855728,9702.976561003525,8997.356132855728
16902.97656087477,7297.356132859338,16902.9765609076,7397.35613285503
17102.97656090783,7197.356132855728,17102.9765609076,7397.356132855262
16902.9765609076,7397.35613285503,17102.9765609076,7397.356132855262
17102.97656081935,9197.356132855612,17102.97656081935,8997.356132855728
16902.97656085312,9097.356132854971,16902.97656081935,8997.356132855728
17102.97656081935,8997.356132855728,16902.97656081935,8997.356132855728
9802.976560999103,14097.35613285316,12102.97656099491,14097.35613285187
9902.976560999103,13897.35613285786,12102.97656099211,13897.35613285797
15103.17075286076,9297.356132855612,16902.97656082145,9297.356132861447
15203.17075286007,9097.356132854971,16902.97656085312,9097.356132854971
13303.17075286356,6597.356132859758,13303.17075286332,7197.356132857883
13503.17075288521,6597.356132853699,13503.17075288521,7197.356132923075
15003.17075286333,6597.356132853494,15003.17075286333,7197.356132855801
15203.17075286333,6397.356132856637,15203.17075286333,7097.35613285337
11603.17075286332,6397.356132858231,11603.17075286332,7097.356132856775
11803.17075286356,6597.356132859861,11803.17075286333,7197.356132857983
15203.17075286333,7097.35613285337,15902.97656090899,7097.356132856558
15902.97656090899,7097.356132856558,15902.97656090876,7297.356132858857
15902.97656090876,7297.356132858857,15203.17075286356,7297.35613285954
16902.97656087477,7297.356132859338,16802.97656090876,7297.356132858755
16802.97656090876,7297.356132858755,16802.97656090876,7097.356132856441
16802.97656090876,7097.356132856441,16902.97656118467,7097.356132853153
12202.97656099794,9097.356132855262,12702.97656092925,9097.356132855684
12702.97656092925,9097.356132855684,12702.97656092925,9297.356132856296
12702.97656092925,9297.356132856296,12302.97656099631,9297.35613285743
14202.97656082727,9297.356132856587,13902.97656091016,9297.356132855759
13902.97656091016,9297.356132855759,13902.97656091016,9097.356132855144
13902.97656091016,9097.356132855144,14302.9765608289,9097.356132854331
9902.97656099817,11497.35613284915,9902.976560994908,9297.35613285925
9702.97656099817,11497.35613286267,9702.976560995143,9197.356132855772
15203.17075286333,6397.356132856637,13502.97656118909,6397.356132856863
15003.17075286333,6597.356132853494,13503.17075288521,6597.356132853699
12302.97656099374,16497.35613285231,12752.97656090899,16497.35613285502
12752.97656090899,16497.35613285502,12752.97656090899,16697.35613286136
12752.97656090899,16697.35613286136,12102.97656099398,16697.35613286093
14302.97656082797,16697.35613285561,14052.97656090899,16697.3561328582
14052.97656090899,16697.3561328582,14052.97656090899,16497.35613285504
14052.97656090899,16497.35613285504,14202.97656082704,16497.35613285232
13302.97656119025,6397.356132858114,11603.17075286332,6397.356132858231
13303.17075286356,6597.356132859758,11803.17075286356,6597.356132859861
13403.17075286915,7297.356132855378,13202.97656090899,7297.356132855684
13202.97656090899,7297.356132855684,13202.97656090876,7197.356132853371
13202.97656090876,7197.356132853371,13303.17075286332,7197.356132857883
11803.17075286333,7197.356132857983,12002.97656090876,7197.356132853458
12002.97656090876,7197.356132853458,12002.97656090899,7297.356132850897
12002.97656090899,7297.356132850897,11803.17075286449,7297.356132849005
17103.21015823881,15197.35613542519,17103.21015269581,14897.35613283499
16903.21015823881,15197.35613912149,16903.21015084621,14797.35613468234
17102.97656063216,13997.35613285316,17102.97656068385,12697.35613284528
16902.97656063216,13997.35613284908,16902.97656068944,12597.35613283755
9496.212796765307,297.3561324323837,9996.212796738298,297.3561324511993
9396.212796834923,97.35613242116413,10196.21279674412,97.35613245128661
9496.212796742488,297.3561301595491,9496.212796765307,297.3561324323837
9396.21279674249,297.3561301515092,9396.212796834923,97.35613242116413
9496.212796742488,297.3561301595491,9396.21279674249,297.3561301515092
10196.21279674412,897.3561322277765,10196.21279674412,97.35613245128661
9996.212796738066,697.3561322193073,9996.212796738298,297.3561324511993
9996.212796738066,697.3561322193073,9702.976561292468,697.3561322294353
10196.21279674412,897.3561322277765,9902.976561290374,897.35613223789
9702.976561296893,1397.356133177231,9702.976561286881,1897.356132447794
9902.976561308067,1497.356133211282,9902.97656128618,1997.356132451105
9702.976560997937,11697.35613286479,9602.976561023315,11697.35613286386
9602.976561023315,11697.35613286386,9602.976561023315,11497.35613286156
9602.976561023315,11497.35613286156,9702.97656099817,11497.35613286267
6902.976561016564,11497.35613286268,7502.976561023316,11497.35613286156
7502.976561023316,11497.35613286156,7502.976561023316,11697.35613286386
7502.976561023316,11697.35613286386,6902.97656100562,11697.35613286479
9602.97656102448,11697.35613286469,7502.976561024479,11697.35613286469
6802.97656101051,9297.356132855044,6802.976561013537,11597.35613286469
6902.976561006086,9197.356132848787,6902.976561016564,11497.35613286268
17102.97656069618,12497.35613284512,17402.97656117605,12497.35613284711
17402.97656117605,12497.35613284711,17402.97656117605,12697.35613284925
17402.97656117605,12697.35613284925,17102.97656068385,12697.35613284528
19902.97656101679,12697.35613284526,19502.97656117605,12697.35613284924
19502.97656117605,12697.35613284924,19502.97656117605,12497.35613284711
19502.97656117605,12497.35613284711,19902.97656100469,12497.35613284512
17402.97656118141,12697.35613284164,19502.97656118141,12697.35613284164
17103.21014899078,14697.3561328397,17403.21013586751,14697.35613284017
17403.21013586751,14697.35613284017,17403.21013586705,14897.35613283454
17403.21013586705,14897.35613283454,17103.21015269581,14897.35613283499
19902.97656100329,14897.3561328364,19503.21013586705,14897.3561328356
19503.21013586705,14897.3561328356,19503.21013586728,14697.35613284122
19503.21013586728,14697.35613284122,19902.97656101633,14697.3561328411
9702.97656128455,2097.356132447809,9702.976561193282,7197.356132839387
9902.97656128618,1997.356132451112,9902.976561197705,7097.356132856892
33102.74296393005,14897.35613283172,32802.91816785017,14897.3561328324
32802.91816785017,14897.3561328324,32802.9181678504,14697.35613282297
32802.9181678504,14697.35613282297,33102.74296764626,14697.35613282648
30302.97656100376,14697.35613282648,30703.03495518833,14697.35613282297
30703.03495518833,14697.35613282297,30703.03495518833,14897.3561328324
30703.03495518833,14897.3561328324,30302.97656100306,14897.35613283172
40502.97655565842,14697.35613282547,40903.21013617252,14697.35613282378
40903.21013617252,14697.35613282378,40903.21013617205,14897.35613282537
40903.21013617205,14897.35613282537,40302.97655565237,14897.35613282575
43302.97656099328,14897.35613282725,43003.21013619115,14897.35613282643
43003.21013619115,14897.35613282643,43003.21013619138,14697.35613282485
43003.21013619138,14697.35613282485,43302.97656099933,14697.35613282688
14402.97656082727,9297.356132854913,15103.17075286076,9297.356132855612
14302.97656082843,9097.356132855612,15003.17075286053,9097.356132851217
11703.17075286426,9297.35613285532,12102.97656099607,9297.356132840885
11803.17075286472,9097.356132882735,12202.97656099794,9097.356132855262
11603.17075286449,7297.356132852541,10902.97656090899,7297.356132855291
10902.97656090899,7297.356132855291,10902.97656090899,7097.356132857197
10902.97656090899,7097.356132857197,11603.17075286332,7097.356132856775
9902.976561197705,7097.356132856892,10002.97656092808,7097.356132857256
10002.97656092808,7097.356132857256,10002.97656092808,7297.356132855336
10002.97656092808,7297.356132855336,9902.976560859634,7297.356132852629
36702.97656100376,2097.356133083473,36702.97656100399,6397.356132856514
36902.97656100306,2097.356133179639,36902.97656100283,6397.356132862626
40302.97656099584,3197.356132613468,40302.97656099304,7097.356132850285
40502.97656099305,3297.356132610856,40502.97656099584,7197.356132841176
35902.96573243586,1497.356133116316,35902.97497921919,1897.356132872681
36102.96110909961,1297.356133090807,36102.97497927507,1897.356132856208
37502.99201282316,1297.356133086405,37502.97814282442,1897.356133407318
37702.98738957748,1497.356133069241,37702.97814291173,1897.356132876479
40302.97656099933,1497.356133017916,40302.97656099584,3197.356132613468
40502.97656100026,1497.356132955314,40502.97656100003,3097.356132614479
36002.97958002139,2097.35613280695,36702.97656100376,2097.356133083473
36102.97497927507,1897.356132856208,36802.97656104311,1897.356133125346
40802.97656079258,697.356132975825,40002.97656080794,697.3561330056127
40702.9765607991,797.356132957846,40102.97656082471,797.3561329801905
40102.97656080725,1497.356132991468,40102.97656070922,1497.35613302234
40002.97656080724,1497.356132991468,40002.97656086848,1497.356132987823
40102.97656080725,1497.356132991468,40002.97656080724,1497.356132991468
40702.97656079933,1297.356133008195,40402.97656079561,1297.356132978197
40802.97656079281,1497.356132948787,40502.97656100026,1497.356132955314
40802.97656079281,1497.356132948787,40802.97656079258,697.356132975825
40702.97656079933,1297.356133008195,40702.9765607991,797.356132957846
33602.76118547998,1497.386934071803,33602.761194935,1497.356133162031
33502.76119022344,1497.356133172145,33502.76119020481,1497.356132945157
33602.76118547998,1497.386934071803,33502.76119022344,1497.356133172145
40102.97656082471,1297.3561329651,40102.97656082471,797.3561329801905
40002.97656080794,1297.356132987357,40002.97656080794,697.3561330056127
33602.97656118513,1297.356133168623,33602.761194935,1497.356133162031
35402.83201018854,1497.356133108232,35402.83201018644,1297.356133111012
35402.83201018644,1297.356133111012,35502.83201018481,1297.356133110961
40002.97656086848,1497.356132987823,40002.97656080794,1297.356132987357
38103.13953863659,1297.356133073534,38203.13953863729,1297.356133069634
38203.13953863729,1297.356133069634,38203.13953864614,1497.356133066309
40402.97656079537,1297.356132978197,40102.97656082471,1297.3561329651
40302.97656099933,1497.356133017916,40102.97656070922,1497.35613302234
36902.97656100306,2097.356133179639,37602.97583116747,2097.356133443742
36802.97656104311,1897.356133125346,37502.97814282442,1897.356133407318
35003.17075268149,9097.356132854971,35003.17075268475,8947.356132851042
35003.17075268475,8947.356132851042,35203.17075268288,8947.356132851028
35203.17075268288,8947.356132851028,35203.17075268172,9097.356132851217
35203.17075268125,7297.356132856383,35203.17075268288,7747.356132851028
35203.17075268288,7747.356132851028,35003.17075268521,7747.356132851042
35003.17075268521,7747.356132851042,35003.17075268172,7297.356132859133
38403.17075267194,9097.356132846939,38403.17075267823,8947.3561328504
38403.17075267823,8947.3561328504,38603.17075268335,8947.35613285081
38603.17075268335,8947.35613285081,38603.17075267939,9097.356132858813
38603.17075268289,7297.356132856674,38603.17075268591,7747.35613285081
38603.17075268591,7747.35613285081,38403.17075268055,7747.356132850402
38403.17075268055,7747.356132850402,38403.17075267543,7297.356132852396
36902.97656072506,7197.356132855379,37102.97656071831,7197.356132851449
37102.97656071831,7197.356132851449,37102.97656071831,7297.35613284931
37102.97656071831,7297.35613284931,36902.97656072506,7297.356132855378
38403.17075267543,7297.356132852396,38302.97656071831,7297.356132846925
38302.97656071831,7297.356132846925,38302.97656071831,7197.356132849049
38302.97656071831,7197.356132849049,38403.17075268894,7197.356132852395
37102.97656072063,7297.35613285535,38302.97656072064,7297.356132855175
37102.97656072063,7197.35613285535,38302.97656072064,7197.356132855175
38102.97655565308,13356.9427454667,38102.97655565261,12356.9427454667
40502.97655563957,16697.35613283736,40502.97655564748,16097.35613222266
40302.97655564306,16497.35613287304,40302.97655564749,16097.35613222252
40502.97655564748,16097.35613222266,40302.97655564749,16097.35613222252
37902.97655565168,11597.35613285402,37902.97655565121,10956.94274546101
37902.97655565121,10956.94274546101,38102.97655565215,10956.94274546094
38102.97655565215,10956.94274546094,38102.97655565168,11497.3561328542
38102.97655565052,9297.356132835615,38102.97655565145,9956.942745460941
38102.97655565145,9956.942745460941,37902.97655565075,9956.942745461029
37902.97655565075,9956.942745461029,37902.97655565028,9297.356132851872
38102.97655565145,10956.94274546936,38102.97655565099,9956.942745469367
40302.97655565191,11497.3561328525,38102.97655565168,11497.3561328542
40302.97655565517,11697.35613285316,38102.97655565587,11697.35613285487
35802.97655581955,16497.35613285788,35802.97655581932,16397.35613287097
35802.97655581932,16397.35613287097,36002.97655582072,16397.35613287097
36002.97655582072,16397.35613287097,36002.97655581978,16497.35613285232
36002.97655581885,9297.356132851028,36002.97655581978,9397.356132851903
36002.97655581978,9397.356132851903,35802.97655581909,9397.356132851903
35802.97655581909,9397.356132851903,35802.97655581909,9297.356132854913
35802.97655581932,15397.35613287098,35802.97655581909,10397.3561328519
35802.97655581909,10397.3561328519,36002.97655581978,10397.3561328519
36002.97655581978,10397.3561328519,36002.97655582048,15397.35613287098
36002.97655582048,15397.35613287098,35802.97655581932,15397.35613287098
37902.97655565308,16497.35613285231,37902.97655565447,15897.3561322241
37902.97655565447,15897.3561322241,38102.97655565122,15897.35613222406
38102.97655565122,15897.35613222406,38102.97655565284,16697.35613285367
38102.97655565215,14097.35613285407,38102.97655565099,14897.35613224313
38102.97655565099,14897.35613224313,37902.97655565447,14897.35613224319
37902.97655565447,14897.35613224319,37902.97655565308,13997.35613285331
33302.97655614249,16497.35613285788,33302.97655607217,15197.35613727334
33102.97655614342,16697.35613285783,33102.97655607217,15197.35613727856
40302.97655564306,16497.35613287304,39902.97655387914,16497.35613285561
40502.97655563957,16697.35613283736,39902.97655387914,16697.35613285561
39902.97655387914,16497.35613285561,39902.97655387914,16697.35613285561
35902.97655582072,16697.35613285561,35252.97655602607,16697.35613285628
35252.97655602607,16697.35613285628,35252.97655602607,16497.35613285747
35252.97655602607,16497.35613285747,35802.97655581955,16497.35613285788
33302.97655614249,16497.35613285788,33952.97655602607,16497.35613285747
33952.97655602607,16497.35613285747,33952.97655602607,16697.35613285733
33952.97655602607,16697.35613285733,33102.97655614342,16697.35613285783
36902.97656072506,7197.356132855379,36903.17075268917,7197.356132770192
36902.97656072506,7297.356132855378,36803.17075268288,7297.356132855378
36602.97656072692,7297.356132855394,35402.97656072692,7297.356132855481
36602.97656072692,7197.356132855394,35402.97656072692,7197.356132855481
33102.97656072855,7197.356132855728,33102.97656072878,7397.356132855262
33302.97656076138,7297.356132859221,33302.97656072878,7397.35613285503
33102.97656072878,7397.356132855262,33302.97656072878,7397.35613285503
40502.97655564516,9197.356132855612,40502.97655564516,8997.356132855728
40302.97655567845,9097.356132859073,40302.97655564516,8997.356132855728
40502.97655564516,8997.356132855728,40302.97655564516,8997.356132855728
40302.97656077674,7297.35613285647,40302.97656072133,7397.35613285503
40502.97656072157,7197.356132855728,40502.97656072133,7397.356132855262
40302.97656072133,7397.35613285503,40502.97656072133,7397.356132855262
33302.97655582723,9097.356132854971,33302.97655582933,8997.356132855728
33102.97655582933,9197.356132855612,33102.97655582933,8997.356132855728
33302.97655582933,8997.356132855728,33102.97655582933,8997.356132855728
40302.97655565679,13897.3561328537,38102.97655565657,13897.35613285381
40302.97655565284,14097.35613285397,38102.97655565215,14097.35613285407
40302.97655567845,9097.356132859073,38603.17075267939,9097.356132858813
40302.97655565494,9297.356132854826,38502.78236378443,9297.35613285532
35003.17075268149,9097.356132854971,33302.97655582723,9097.356132854971
35102.78236378792,9297.356132855612,33302.97655582514,9297.356132861447
36703.17075266729,6597.356132858151,36703.17075266729,7197.356132856281
36903.17075268917,6597.356132859468,36903.17075268917,7197.356132770192
38403.17075268894,6597.356132859264,38403.17075268894,7197.356132852395
38603.17075266705,6397.356132862407,38603.17075266729,7097.356132850504
35003.17075268894,6397.35613285663,35003.17075268917,7097.35613285535
35203.17075266728,6597.356132858253,35203.17075266728,7197.356132856383
38603.17075266729,7097.356132850504,39302.97656071831,7097.35613285337
39302.97656071831,7097.35613285337,39302.97656071831,7297.356132860574
39302.97656071831,7297.356132860574,38603.17075268289,7297.356132856674
40302.97656077674,7297.35613285647,40202.9765607374,7297.356132860471
40202.9765607374,7297.356132860471,40202.9765607374,7097.356132853239
40202.9765607374,7097.356132853239,40302.97656099304,7097.356132850285
37902.97655565028,9297.356132851872,37502.97655573876,9297.356132851683
37502.97655573876,9297.356132851683,37502.97655573899,9097.356132857401
37502.97655573899,9097.356132857401,38002.97655565075,9097.356132855262
35902.97655581978,9097.356132854331,36302.97655572013,9097.356132856865
36302.97655572013,9097.356132856865,36302.97655571967,9297.35613285116
36302.97655571967,9297.35613285116,36002.97655581885,9297.356132851028
40502.97655564981,11597.35613285398,40502.97655565354,9197.356132855612
40302.97655565191,11497.3561328525,40302.97655565494,9297.356132854826
38603.17075266705,6397.356132862407,36902.97656100283,6397.356132862626
38403.17075268894,6597.356132859264,36903.17075268917,6597.356132859468
38102.97655565284,16697.35613285367,37452.97655573992,16697.35613285283
37452.97655573992,16697.35613285283,37452.97655574016,16497.35613284734
37452.97655574016,16497.35613284734,37902.97655565308,16497.35613285231
36002.97655581978,16497.35613285232,36152.97655574015,16497.35613284736
36152.97655574015,16497.35613284736,36152.97655574015,16697.35613285398
36152.97655574015,16697.35613285398,35902.97655582072,16697.35613285561
36702.97656100399,6397.356132856514,35003.17075268894,6397.35613285663
36703.17075266729,6597.356132858151,35203.17075266728,6597.356132858253
36803.17075268288,7297.356132855378,36602.97656071807,7297.35613286251
36602.97656071807,7297.35613286251,36602.97656071831,7197.356132851798
36602.97656071831,7197.356132851798,36703.17075266729,7197.356132856281
35203.17075266728,7197.356132856383,35402.97656071831,7197.356132851871
35402.97656071831,7197.356132851871,35402.97656071808,7297.356132863265
35402.97656071808,7297.356132863265,35203.17075268125,7297.356132856383
33302.74295840987,15197.35613912149,33302.74296580248,14797.35613467055
33102.74295840987,15197.35613542519,33102.74296393005,14897.35613283172
33302.97655601653,13997.35613285316,33302.97655595925,12597.35613284187
33102.97655601653,13997.35613285725,33102.97655595692,12697.35613284439
33102.97656110946,1497.356132988347,33102.97656108083,3097.356132612071
33302.97656111272,1497.35613294074,33302.9765610785,3197.356132615484
35902.97655582025,9097.356132855612,35203.17075268172,9097.356132851217
35802.97655581909,9297.356132854913,35102.78236378792,9297.356132855612
38403.17075267194,9097.356132846939,38002.97655565075,9097.356132855262
38502.78236378443,9297.35613285532,38102.97655565052,9297.356132835615
35003.17075268172,7297.356132859133,34302.97656071831,7297.356132858841
34302.97656071831,7297.356132858841,34302.97656071831,7097.356132854898
34302.97656071831,7097.356132854898,35003.17075268917,7097.35613285535
33302.97656100818,7097.356132855466,33402.9765607374,7097.356132854956
33402.9765607374,7097.356132854956,33402.9765607374,7297.356132858886
33402.9765607374,7297.356132858886,33302.97656076138,7297.356132859221
32902.97656118048,797.3561329817766,33502.97656119375,797.3561330041357
32802.976561187,697.3561329489038,33602.97656118513,697.356132978699
32802.976561187,1497.356132981835,33102.97656110946,1497.356132988347
32902.97656118048,1297.356132990377,33202.97656120725,1297.356132978197
32902.97656118048,1297.356132990377,32902.97656118048,797.3561329817766
32802.976561187,1497.356132981835,32802.976561187,697.3561329489038
33602.97656118513,1297.356133168623,33602.97656118513,697.356132978699
33502.97656119352,1297.356132989649,33502.97656119375,797.3561330041357
33302.97656111272,1497.35613294074,33502.76119020481,1497.356132945157
33202.97656120748,1297.356132978197,33502.97656119352,1297.356132989649
22402.97656100888,9697.356132840827,23502.97656100818,9697.356132845382
22402.97656101097,9597.356132832983,23602.97656100888,9597.35613284048
21302.9765610161,8397.356132851028,21302.97656118536,3297.35613282199
21102.97656101214,8497.356132837844,21102.9765611863,3297.356132613403
22402.97656100888,8497.356132841176,22402.97656100422,7697.356132836913
22302.97656102355,8397.356132851042,22302.97656102355,7597.356132842559
27802.97656101097,9597.356132832518,26602.97656100516,9597.35613284048
27802.97656100516,9697.356132840827,26702.9765610005,9697.356132844901
29102.97656100516,8497.356132841176,29102.97656100725,3297.35613261592
28902.97656100353,8397.356132838324,28902.97656100446,3297.356132820527
27902.97656102355,8397.356132838324,27902.97656102355,7597.356132842559
27802.97656100516,8497.356132841176,27802.97656100422,7697.356132842559
45802.97656099397,9697.356132840827,46902.97656099281,9697.356132838557
45802.97656099793,9597.356132838891,47002.97656099397,9597.35613284048
44702.97656099817,8497.356132838326,44702.97656117232,3297.356132824253
44502.97656099723,8497.35613283783,44502.97656117093,3297.356132611067
45702.97656100446,8497.356132838326,45802.97656099397,8497.356132841176
45802.97656098513,7697.356132843548,45802.976560997,7747.356132851028
45802.976560997,7747.356132851028,45702.97656099747,7747.356132851042
45702.97656099747,7747.356132851042,45702.97656100446,7597.356132838585
33102.97656107594,3297.356132615709,33102.97656100702,7197.356132839387
33302.9765610785,3197.356132615491,33302.97656100818,7097.356132855466
3702.976561021453,7297.356132507704,3702.976561021453,9197.356132675039
3802.976561020987,7297.356132518181,3802.976561020987,9097.356132854418
9902.976560994908,9297.35613285925,11703.17075286426,9297.35613285532
9902.97656100143,9097.356132855699,11603.17075286426,9097.356132855435
12102.97656099211,13897.35613285797,12102.97656099235,13356.94274546578
12102.97656099235,13356.94274546578,12302.97656099211,13356.94274546583
12302.97656099211,13356.94274546583,12302.97656099561,13997.35613285328
12302.97656099631,11597.35613285398,12302.97656099235,12356.94274546584
12302.97656099235,12356.94274546584,12102.97656099258,12356.94274546577
12102.97656099258,12356.94274546577,12102.97656099258,11697.35613285787
40502.97655565028,13997.35613285322,40502.97655564422,12697.35613284104
40302.97655565679,13897.3561328537,40302.97655565004,12597.35613284192
37902.97655565308,13997.35613285331,37902.9765556561,13356.94274547901
37902.9765556561,13356.94274547901,38102.97655565587,13356.94274547897
38102.97655565587,13356.94274547897,38102.97655565657,13897.35613285381
38102.97655565587,11697.35613285487,38102.97655565564,12356.94274547897
38102.97655565564,12356.94274547897,37902.97655565587,12356.94274547901
37902.97655565587,12356.94274547901,37902.97655565238,11597.35613285401
9902.976560999103,13897.35613285786,9902.976560999567,11697.35613285615
9702.976560996773,13897.35613267608,9702.976560997937,11697.35613286479
17102.97656069618,12497.35613284512,17102.97656082843,9197.356132855612
16902.97656068944,12597.35613283755,16902.97656082145,9297.356132861447
17103.21014899078,14697.3561328397,17103.21013606123,13997.35613100504
16903.21015084621,14797.35613468231,16903.21013606123,13997.35613470129
6802.976561013537,11597.35613286469,6802.976561016331,12297.35613267633
6902.97656100562,11697.35613286479,6902.97656101633,12297.35613267594
52802.97656091668,11697.35613284468,50502.97656091667,11697.35613284468
52902.97656091667,11797.35613284468,50502.97656091505,11797.35613284468
53902.97656091155,11297.35613283832,53802.97656090876,11297.35613284243
53802.97656090876,11297.35613284243,53802.97656090899,11097.3561328387
53802.97656090899,11097.3561328387,54002.97656090131,11097.35613283832
52902.97656091667,11297.35613283832,52902.97656091667,11097.35613283831
52802.97656091668,9697.356132839794,52727.81966611083,9697.356132839344
52727.81966611083,9697.356132839344,52727.81966611083,9597.35613284921
52727.81966611083,9597.35613284921,52902.97656091667,9597.356132839825
51702.97656090923,9597.356132839474,51927.81966614878,9597.356132848978
51927.81966614878,9597.356132848978,51927.81966614878,9697.356132840043
51927.81966614878,9697.356132840043,51602.97656091621,9697.356132840827
52727.81966612736,9697.356132841149,51927.81966612737,9697.356132840916
51702.97656092809,7597.356132842559,49002.9765609183,7597.356132842559
51602.97656090899,7697.356132842559,49002.97656092413,7697.356132842559
52702.9765608459,8597.356132838324,52602.97656092808,8597.356132844043
52602.97656092808,8597.356132844043,52602.97656092832,8397.356132863019
52602.97656092832,8397.356132863019,52702.97656090829,8397.356132851042
51702.97656090923,8597.356132838324,51702.97656092809,8397.356132851042
51702.97656090923,9597.356132839474,51702.97656090923,8597.356132838324
51602.9765609218,9597.356132839444,51602.97656091621,8497.356132841176
52902.97656091621,8597.356132841174,52902.97656091295,8497.356132841176
52702.97656091621,8597.356132844438,52702.9765608459,8597.356132838324
52902.97656091621,8597.356132841174,52702.97656091621,8597.356132844438
53902.97656091691,14697.35613284912,52402.97656092157,14697.35613284982
53902.97656090574,14897.3561328386,52602.9765609218,14897.35613283918
50502.97656091667,9697.356132851844,50502.97656091901,10147.35613397637
50502.97656091901,10147.35613397637,50302.97656091574,10147.35613397637
50302.97656091574,10147.35613397637,50302.97656091668,9797.35613283617
50302.97656091621,11697.35613284117,50302.97656091528,11047.35613397637
50302.97656091528,11047.35613397637,50502.97656091901,11047.35613397637
50502.97656091901,11047.35613397637,50502.97656091667,11697.35613284468
52402.97656092157,14697.35613284982,52402.9765609218,15297.35613284336
52602.9765609218,14897.35613283918,52602.97656092157,15497.35613283634
51602.97656091621,8497.356132828516,51602.97656091621,7747.356132828516
52602.97656092157,15497.35613283634,52402.97656245406,15497.3561328323
52402.97656245406,15497.3561328323,52402.97656245383,15297.35613284518
50502.97656091505,15297.35613284358,50902.97656254906,15297.35613284535
50902.97656254906,15297.35613284535,50902.97656254929,15497.35613283246
50902.97656254929,15497.35613283246,50302.97656091481,15497.35613283659
52902.97656091667,11797.35613284468,52902.97656091667,11297.35613283832
52802.97656091668,11697.35613284468,52802.97656091621,11197.3561329357
52902.97656091667,11097.35613283831,52902.97656091667,9597.356132839825
52802.97656091621,11197.35613284117,52802.97656091668,9697.356132839794
50302.97656091668,9797.35613283617,50102.97656090876,9797.356132836141
50102.97656090876,9797.356132836141,50102.97656090899,9597.356132835457
50102.97656090899,9597.356132835457,50402.97656091621,9597.35613284048
49002.97656092436,9597.356132835981,49002.97656090876,9797.356132835966
49002.97656090876,9797.356132835966,48802.97656091667,9797.356132835937
50302.97656091621,11697.35613284117,50302.97656091481,15497.35613283659
50502.97656091505,11797.35613284468,50502.97656091505,15297.35613284358
53902.97656090574,14897.3561328386,53902.97656091342,15497.35613284001
54102.97656092739,14897.35613284216,54102.97656091342,15497.35613284001
53902.97656091342,15497.35613284001,54102.97656091342,15497.35613284001
53902.97656091342,12597.35613284187,53902.97656091691,14697.35613284912
54102.97656091016,12697.35613284018,54102.97656090993,14697.35613284177
56902.97656074228,3297.356132614377,56252.97656092832,3297.356132611155
56252.97656092832,3297.356132611155,56252.97656092809,3097.356132617113
56252.97656092809,3097.356132617113,56902.97656074135,3097.35613261437
52802.97656092646,3097.356132613934,53552.976560909,3097.356132616822
53552.976560909,3097.356132616822,53552.976560909,3297.356132611307
53552.976560909,3297.356132611307,52902.97656073926,3297.356132614595
56252.9765609218,3097.356132613744,53552.9765609218,3097.35613261389
54002.97656091342,10197.35613284117,54002.97656090131,11097.35613283832
54102.97656091342,10197.35613284117,54102.97656091342,11197.35613284117
54002.97656091342,10197.35613284117,54102.97656091342,10197.35613284117
53902.97656091155,11297.35613283832,53902.97656091342,12597.35613284187
54102.97656091342,11197.35613284117,54102.97656091132,12497.35613284002
49002.9765609183,7597.356132842559,49002.97656091714,3297.356132824245
48802.97656091993,7697.356132840259,48802.97656091901,3197.356132821408
49002.97656092436,9597.356132835981,49002.97656092413,7697.356132842559
48802.97656091667,9797.356132835937,48802.97656091993,7697.356132840245
49002.97656099398,3097.356132818839,49002.97656092739,1497.188632371997
48802.97656099537,3197.356132825547,48802.9765609204,1397.124958451519
52702.97656073902,3297.35613282391,52052.9765608899,3297.356132823976
52052.9765608899,3297.356132823976,52052.9765608899,3097.356132820309
52052.9765608899,3097.356132820309,52802.97656073833,3097.35613282092
49002.97656099398,3097.356132818839,49652.97656090899,3097.356132818992
49652.97656090899,3097.356132818992,49652.97656090899,3297.356132824194
49652.97656090899,3297.356132824194,49002.97656091714,3297.356132824245
52952.97656044403,1297.356125118118,52952.97656033507,1297.35612784172
52752.97656037255,1297.356125009583,52752.97656033506,1297.356127785419
52952.97656033507,1297.35612784172,52752.97656033506,1297.356127785419
53202.97656071062,697.3561252286108,52402.97656071319,697.3561247792477
53102.97656065683,797.3561251761585,52502.97656064357,797.3561248391433
53202.97656023122,1497.35612524317,53202.97656071062,697.3561252286108
53102.97656035695,1297.356125202425,53102.97656065683,797.3561251761585
52502.97656034368,1297.356124869208,52502.97656064357,797.3561248391433
52402.97656023332,1497.356124780499,52402.97656071319,697.3561247792477
53102.97656035695,1297.356125202425,52952.97656044403,1297.356125118118
53202.97656023122,1497.35612524317,52852.9765599772,1497.356125033549
52752.97656037255,1297.356125009583,52502.97656034368,1297.356124869208
52852.9765599772,1497.356125033549,52402.97656023332,1497.356124780499
64302.97656064682,1897.356132450079,65102.97656098536,1897.356132448391
65102.97656098536,1897.356132448391,65102.97656098513,2097.356132447605
65102.97656098513,2097.356132447605,64302.97656063821,2097.356132450079
68602.97656108082,2097.35613245029,67802.97656100422,2097.356132447736
67802.97656100422,2097.356132447736,67802.97656100446,1897.356132448521
67802.97656100446,1897.356132448521,68602.97656108176,1897.35613245029
65102.97656099282,1897.356132449366,67802.97656099281,1897.356132449511
68802.97656108222,2097.356132664589,70302.97656107733,2097.356132664822
68802.97656107873,1897.356132664523,70102.97656109037,1897.35613266472
70302.97656107733,2097.356132664822,70302.97656109666,1497.356132663017
70102.97656109037,1897.35613266472,70102.97656110946,1297.356132666793
64302.97656092808,13897.35613267608,64602.97656090899,13897.35613267672
64602.97656090899,13897.35613267672,64602.97656090899,14097.35613267701
64602.97656090899,14097.35613267701,64202.97656092692,14097.35613267633
67302.97656090643,14097.35613267736,66502.97656092785,14097.35613267764
66502.97656092785,14097.35613267764,66502.97656092807,13897.35613267674
66502.97656092807,13897.35613267674,67102.97656090923,13897.3561326761
69202.97656090574,12697.35613264437,70452.97655841212,12697.35613278355
70452.97655841212,12697.35613278355,70452.97655838977,12897.35613278365
70452.97655838977,12897.35613278365,69102.97656084193,12897.35613263361
73302.97656089503,12897.35613309787,72252.97655840886,12897.35613298262
72252.97655840886,12897.35613298262,72252.97655843121,12697.3561329825
72252.97655843121,12697.3561329825,73202.97655593713,12697.35613308652
67303.21013608218,9297.356132849094,68053.21013608218,9297.356132849094
72602.97656091272,7297.356132514078,72602.97656090504,8597.35613267505
72802.97656090502,7197.356132512886,72802.97656090038,8497.356132665738
67302.97656092646,9097.356132855059,67303.21013608125,9097.356132854144
67303.21013608125,9097.356132854144,67303.21013608125,9297.356132848437
67303.21013608125,9297.356132848437,67202.97656092157,9297.356132847011
69002.97656091691,9297.356132847011,68053.21013608125,9297.356132848437
68053.21013608125,9297.356132848437,68053.21013608125,9097.356132851653
68053.21013608125,9097.356132851653,69102.976560919,9097.356132849092
68802.97656089316,7097.356132514879,69302.9765608899,7097.356132506438
69302.9765608899,7097.356132506438,69302.97656088967,7297.356132509131
69302.97656088967,7297.356132509131,68602.97656088453,7297.356132508636
70202.97656090502,7297.35613250865,70202.9765608899,7097.35613250523
70202.9765608899,7097.35613250523,70302.97656090502,7097.356132512885
68802.97656089316,7097.356132514879,68802.97656108222,2097.356132664589
68602.97656088453,7297.356132508636,68602.97656108082,2097.35613245029
70302.97656090502,7097.356132512885,70502.976560909,7097.356132517702
70502.976560909,7097.356132517702,70502.976560909,7297.356132518459
70502.976560909,7297.356132518459,70302.97656090434,7297.356132514064
72602.97656091272,7297.356132514078,71252.976560909,7297.356132518459
71252.976560909,7297.356132518459,71252.976560909,7097.356132518079
71252.976560909,7097.356132518079,72602.97656090574,7097.356132514064
70502.97656090434,7297.356132512885,71252.97656090434,7297.356132512885
67102.976560919,9097.356132854447,67102.976560919,9197.356132849092
67302.976560919,9097.356132854447,67302.97656092646,9097.356132855059
67102.976560919,9097.356132854447,67302.976560919,9097.356132854447
73202.97656093717,2697.356132673014,72602.97656090504,2697.356132673014
73402.97656093694,2897.356132673014,72802.97656090341,2897.356132673014
73202.97656093717,2697.356132673014,73402.97656093856,2697.356132660296
73402.97656093856,2697.356132660296,73402.97656093694,2897.356132673014
68402.9765612778,297.3561324117199,68902.9765612175,297.3561324305574
68302.97656117629,97.35613242594447,69102.97656119792,97.35613245606693
69102.97656119792,897.3561324135026,69102.97656119792,97.35613245606693
68902.97656121726,697.3561324078928,68902.9765612175,297.3561324305574
68402.97656120211,297.3561299853918,68402.9765612778,297.3561324117199
68302.97656120213,297.3561299853918,68302.97656117629,97.35613242594447
68402.97656120211,297.3561299853918,68302.97656120213,297.3561299853918
70102.97656110946,1297.356132666793,70302.97656102355,1297.35613266437
70302.97656102355,1297.35613266437,70302.97656102332,1497.356132664821
72602.97656090504,2697.356132673014,72602.97656090574,7097.356132514064
72802.97656090341,2897.356132673014,72802.97656090502,7197.35613251287
69102.976560919,9097.356132849092,69302.97656092785,9097.35613284423
69302.97656092785,9097.35613284423,69302.97656092807,9297.356132864154
69302.97656092807,9297.356132864154,69202.97656091621,9297.356132855988
70202.9765609048,9097.356132841714,70202.97656094718,9297.356132855975
68802.97656107873,1897.356132664523,68802.97656111156,897.3561324031489
68602.97656108176,1897.35613245029,68602.97656112087,697.3561323975391
70302.97656094718,9297.356132673916,72802.9765609218,9297.35613267329
70302.97656090434,9197.356132673902,72602.97656089642,9197.356132673349
72802.97656090038,8497.356132665738,72802.9765609218,8697.35613267844
70202.97656094718,9297.356132855975,70202.97656090502,9297.356132675633
70302.97656094718,9297.356132673916,70302.97656090502,9297.356132675633
70202.97656090502,9297.356132675633,70302.97656090502,9297.356132675633
72602.97656090504,8597.35613267505,72602.97656089642,9197.356132673349
72802.9765609218,8697.35613267844,72802.9765609218,9297.35613267329
67302.9765609062,12697.35613267901,67503.21013606216,12697.35613268283
67503.21013606216,12697.35613268283,67503.2101360624,12897.35613267156
67503.2101360624,12897.35613267156,67302.97656091016,12897.35613267019
69102.97656091528,12897.35613267621,68702.97656092809,12897.35613267557
68702.97656092809,12897.35613267557,68702.97656092809,12697.35613268276
68702.97656092809,12697.35613268276,69002.97656090643,12697.35613267889
67102.97656090876,12297.35613267614,67102.97656090783,12797.35613267614
67302.97656090876,12297.35613267652,67302.9765609062,12697.35613267901
67102.97656090783,12797.35613267602,67102.97656090923,13897.3561326761
67302.97656091016,12897.35613267019,67302.97656090643,14097.35613267736
69002.97656091691,9297.356132847011,69002.97656090643,12697.35613267889
69202.97656091621,9297.356132855988,69202.97656090574,12697.35613264437
73802.97655592873,11397.35613320356,73802.97655592572,10397.35613314579
73802.97655592572,10397.35613314579,74002.97655593131,10397.3561331457
74002.97655593131,10397.3561331457,74002.97655593387,11597.35613323009
73302.97655592083,12897.35613314595,74002.97655592083,12897.35613322325
73402.97655592572,12697.35613314484,74002.97655594272,12697.35613322325
74002.97655592083,12897.35613322325,74002.97655594272,12697.35613322325
73402.97655593457,11597.35613316373,74002.97655593387,11597.35613323009
73402.97655588102,11397.35613315932,73802.97655592873,11397.35613320356
73202.97655594295,11397.35613301719,73202.97655594202,11497.35613314502
73402.97655594295,11397.35613301906,73402.97655588102,11397.35613315932
73202.97655594295,11397.35613301719,73402.97655594295,11397.35613301906
73202.97655594202,11497.35613314516,73202.97655593713,12697.35613308652
73402.97655593457,11597.35613316373,73402.97655592572,12697.35613314484
68802.97656111156,897.3561324031489,69102.97656119792,897.3561324135026
68602.97656112087,697.3561323975391,68902.97656121726,697.3561324078928
60502.97656073413,2097.356133161456,60502.97656073413,6397.356132853924
60702.97656073321,2097.356133084375,60702.97656073344,6397.356132856645
64102.97656062098,897.3561322588012,64102.97656062796,1297.356133195304
64302.97656061842,697.3561322503392,64302.9765606282,1397.356133177231
56902.97656074228,3297.356132614377,56902.97656074299,7197.356132841176
57102.97656074298,3197.356132613468,57102.97656074252,7097.356132850518
61302.99201261711,1297.356133110787,61302.97814244188,1897.356132838025
61502.98738930646,1497.356133105999,61502.9781425229,1897.356132842405
59702.96573217136,1497.356133107374,59702.97497883711,1897.356132815223
59902.9611089003,1297.356133124749,59902.97497889928,1897.356133389143
56902.97656074182,1497.356132996925,56902.97656074135,3097.35613261437
57102.9765607509,1497.356132958544,57102.97656074298,3197.356132613468
61302.97814244188,1897.356132838025,60602.97656069572,1897.356133125346
61402.97354171743,2097.35613280695,60702.97656073321,2097.356133084375
56702.97656092832,797.3561329528766,57302.97656091202,797.3561329752283
56602.97656093484,697.3561329708554,57402.97656092878,697.3561330006577
57402.97656093158,1497.356132991468,57402.97656089386,1497.356132985538
57302.97656093158,1497.356132991468,57302.97656105358,1497.356132962968
57402.97656093158,1497.356132991468,57302.97656093158,1497.356132991468
56602.97656093484,1497.356132990399,56902.97656074182,1497.356132996925
56702.97656092832,1297.356132948074,57002.97656094322,1297.356132978197
56702.97656092832,1297.356132948074,56702.97656092832,797.3561329528766
56602.97656093484,1497.356132990399,56602.97656093484,697.3561329708554
63903.19193151539,1497.356133172145,63903.19193138454,1497.356133173287
63803.19193625885,1497.386934071803,63803.19192680639,1497.356133167495
63903.19193151539,1497.356133172145,63803.19193625885,1497.386934071803
57402.97656092878,1297.356132985029,57402.97656092878,697.3561330006577
57302.97656091202,1297.35613300746,57302.97656091202,797.3561329752283
63803.19192680639,1497.356133167495,63803.13032495829,1497.356133164767
63803.13032495829,1497.356133164767,63803.13032496434,1297.356133166535
63803.13032496434,1297.356133166535,63903.1611306173,1297.356133170748
61903.20201830698,1297.356133110961,62003.20201828929,1297.356133112729
62003.20201828929,1297.356133112729,62003.20201828347,1497.356133110961
57402.97656092878,1297.356132985029,57402.97656089386,1497.356132985538
59202.89448986172,1497.356133065581,59202.89448987685,1297.356133072704
59202.89448987685,1297.356133072704,59302.8944898552,1297.356133073541
57102.9765607509,1497.356132958544,57302.97656105358,1497.356132962968
57002.97656094345,1297.356132978197,57302.97656091202,1297.35613300746
64102.97656062796,1297.356133195304,63903.16113061706,1297.356133170748
64102.97656062494,1497.356133178795,63903.19193138454,1497.356133173287
60602.97656069572,1897.356133125346,59902.97497889928,1897.356133389143
60502.97656073413,2097.356133161456,59802.97729057136,2097.356133443742
62202.78236906037,9097.356132849718,62202.78236906502,8647.356132851042
62202.78236906502,8647.356132851042,62402.78236906153,8647.356132851028
62402.78236906153,8647.356132851028,62402.7823690599,9097.35613286018
62402.78236906037,7297.356132859249,62402.782369062,7447.356132851043
62402.782369062,7447.356132851043,62202.78236906456,7447.356132851028
62202.78236906456,7447.356132851028,62202.78236906014,7297.356132856499
58802.78236906177,9097.356132854971,58802.78236906339,8647.356132865856
58802.78236906339,8647.356132865856,59002.78236905688,8647.35613286542
59002.78236905688,8647.35613286542,59002.782369062,9097.356132851217
59002.78236905827,7297.356132862218,59002.78236905455,7447.35613286542
59002.78236905455,7447.35613286542,58802.78236906083,7447.356132865856
58802.78236906083,7447.356132865856,58802.78236905827,7297.356132856906
60502.97656101377,7297.356132855378,60302.97656102331,7297.356132856397
60302.97656102331,7297.356132856397,60302.97656102354,7197.356132848146
60302.97656102354,7197.356132848146,60502.97656101377,7197.356132855379
59002.78236905245,7197.356132852672,59102.97656102331,7197.356132845992
59102.97656102331,7197.356132845992,59102.97656102331,7297.356132861868
59102.97656102331,7297.356132861868,59002.78236905827,7297.356132862218
60302.97656101796,7297.35613285535,59102.97656101795,7297.356132855175
60302.97656101796,7197.35613285535,59102.97656101795,7197.356132855175
61902.97656092949,13356.94274546667,61902.97656092901,12356.94274546667
64302.97656093274,16697.35613283736,64302.97656092389,16097.35613222266
64102.97656093623,16497.35613287304,64102.9765609239,16097.35613222252
64302.97656092389,16097.35613222266,64102.9765609239,16097.35613222252
61702.97656092809,11597.35613285402,61702.97656092157,10956.94274547057
61702.97656092157,10956.94274547057,61902.97656092646,10956.9427454705
61902.97656092646,10956.9427454705,61902.97656093134,11497.35613285481
61902.97656093042,9297.356132838397,61902.97656092575,9956.942745470502
61902.97656092575,9956.942745470502,61702.9765609197,9956.942745470575
61702.9765609197,9956.942745470575,61702.97656092389,9297.356132855162
61902.97656092785,10956.94274546941,61902.97656092739,9956.942745469412
64102.97656092622,11497.35613285311,61902.97656093134,11497.35613285481
64102.97656092529,11697.35613286012,61902.97656092692,11697.35613286182
59602.97656109619,16497.35613285788,59602.97656109549,16397.35613286924
59602.97656109549,16397.35613286924,59802.97656109619,16397.35613286921
59802.97656109619,16397.35613286921,59802.97656109642,16497.35613285232
59802.97656109573,9297.356132854316,59802.97656109549,9397.35613285014
59802.97656109549,9397.35613285014,59602.97656109479,9397.356132850167
59602.97656109479,9397.356132850167,59602.97656109549,9297.356132854913
59602.97656109549,15397.35613286924,59602.97656109526,10397.35613286924
59602.97656109526,10397.35613286924,59802.97656109596,10397.35613286921
59802.97656109596,10397.35613286921,59802.97656109619,15397.35613286921
59802.97656109619,15397.35613286921,59602.97656109549,15397.35613286924
61702.97656093111,16497.35613285231,61702.97656093111,15897.35613223712
61702.97656093111,15897.35613223712,61902.97656092878,15897.35613223708
61902.97656092878,15897.35613223708,61902.97656093111,16697.35613285367
61902.97656093018,14097.35613285292,61902.97656092832,14897.35613223708
61902.97656092832,14897.35613223708,61702.97656093041,14897.35613223714
61702.97656093041,14897.35613223714,61702.97656092948,13997.35613285331
57102.97656141703,16497.35613285788,57102.97656134858,15197.35613727334
56902.97656142891,16697.35613285783,56902.97656134858,15197.35613727856
64102.97656093623,16497.35613287304,63702.97655915555,16497.35613285561
64302.97656093274,16697.35613283736,63702.97655915555,16697.35613285561
63702.97655915555,16497.35613285561,63702.97655915555,16697.35613285561
59702.97656109712,16697.35613285561,59052.97656130946,16697.35613285783
59052.97656130946,16697.35613285783,59052.97656130946,16497.35613285564
59052.97656130946,16497.35613285564,59602.97656109619,16497.35613285788
57102.97656141703,16497.35613285788,57752.97656130947,16497.35613285564
57752.97656130947,16497.35613285564,57752.97656130947,16697.35613285887
57752.97656130947,16697.35613285887,56902.97656142891,16697.35613285783
60502.97656101377,7297.356132855378,60602.78236905594,7297.356132855378
60502.97656101377,7197.356132855379,60502.78236905269,7197.356132923075
60802.9765610119,7297.356132855394,62002.97656101191,7297.356132855481
60802.9765610119,7197.356132855394,62002.97656101191,7197.356132855481
64102.9765609849,7297.356132859352,64102.97656101004,7397.35613285503
64302.97656101028,7197.356132855728,64302.97656101005,7397.356132855262
64102.97656101004,7397.35613285503,64302.97656101005,7397.356132855262
64302.97656092156,9197.356132855612,64302.97656092156,8997.356132855728
64102.97656088036,9097.356132860443,64102.97656092157,8997.356132855728
64302.97656092156,8997.356132855728,64102.97656092157,8997.356132855728
56902.97656101726,7197.356132855728,56902.97656101749,7397.356132855262
57102.97656096953,7297.356132856703,57102.97656101749,7397.35613285503
56902.97656101749,7397.356132855262,57102.97656101749,7397.35613285503
57102.97656110504,9097.356132854971,57102.97656110573,8997.356132855728
56902.97656110574,9197.356132855612,56902.97656110574,8997.356132855728
57102.97656110573,8997.356132855728,56902.97656110574,8997.356132855728
64102.97656092622,13897.35613285255,61902.97656092762,13897.35613285266
64202.97656092599,14097.35613285316,61902.97656093018,14097.35613285292
58802.78236906177,9097.356132854971,57102.97656110504,9097.356132854971
58902.78236906432,9297.356132855612,57102.97656110131,9297.356132853414
60502.78236905245,6597.356132859722,60502.78236905269,7197.356132923075
60702.78236905268,6597.356132858282,60702.78236905268,7197.356132856412
58802.78236905245,6397.35613285369,58802.78236905268,7097.356132850721
59002.78236905268,6597.35613285952,59002.78236905245,7197.356132852672
62202.78236905269,6597.356132858384,62202.78236905269,7197.356132856514
62402.78236905268,6397.356132856754,62402.78236905268,7097.356132855466
58802.78236905827,7297.356132856906,58102.97656102354,7297.356132852657
58102.97656102354,7297.356132852657,58102.97656102331,7097.356132849732
58102.97656102331,7097.356132849732,58802.78236905268,7097.356132850721
57102.97656074252,7097.356132850518,57202.97656102331,7097.356132849616
57202.97656102331,7097.356132849616,57202.97656102331,7297.356132852556
57202.97656102331,7297.356132852556,57102.97656096953,7297.356132856703
61702.97656092389,9297.356132855162,61302.97656100306,9297.356132850095
61302.97656100306,9297.356132850095,61302.97656100329,9097.356132853429
61302.97656100329,9097.356132853429,61802.97656092715,9097.356132855262
59702.97656109619,9097.356132854331,60102.97656100353,9097.35613285289
60102.97656100353,9097.35613285289,60102.97656100306,9297.356132849573
60102.97656100306,9297.356132849573,59802.97656109573,9297.356132854316
64302.97656092599,11497.35613286267,64302.97656092995,9197.356132855612
64102.97656092622,11497.35613285311,64102.97656092902,9297.35613285596
59002.78236905268,6597.35613285952,60502.78236905245,6597.356132859722
58802.78236905245,6397.35613285369,60502.97656073413,6397.356132853924
61902.97656093111,16697.35613285367,61252.97656102355,16697.35613285145
61252.97656102355,16697.35613285145,61252.97656102332,16497.35613284823
61252.97656102332,16497.35613284823,61702.97656093111,16497.35613285231
59802.97656109642,16497.35613285232,59952.97656100422,16497.35613284823
59952.97656100422,16497.35613284823,59952.97656100445,16697.3561328526
59952.97656100445,16697.3561328526,59702.97656109712,16697.35613285561
60702.78236905268,6597.356132858282,62202.78236905269,6597.356132858384
60702.97656073344,6397.356132856645,62402.78236905268,6397.356132856754
60702.78236905268,7197.356132856412,60802.97656102331,7197.356132851929
60802.97656102331,7197.356132851929,60802.97656102331,7297.35613285468
60802.97656102331,7297.35613285468,60602.78236905594,7297.356132855378
62202.78236906014,7297.356132856499,62002.97656102331,7297.356132855525
62002.97656102331,7297.356132855525,62002.97656102331,7197.356132852004
62002.97656102331,7197.356132852004,62202.78236905269,7197.356132856514
57102.74296368628,15197.35613912149,57102.74297107888,14797.35613468234
56902.74296368627,15197.35613542519,56902.74296925885,14897.35613284074
57102.97656129293,13997.35613285316,57102.97656123565,12597.35613284164
56902.97656129293,13997.35613285725,56902.97656123473,12697.35613284018
64609.74032518936,97.3561324160928,63809.74032518051,97.356132446208
64509.74032510414,297.3561324272978,64009.74032518632,297.356132446128
64609.7403251826,297.3561301595491,64609.74032518936,97.3561324160928
64509.7403251826,297.3561301595491,64509.74032510414,297.3561324272978
64609.7403251826,297.3561301595491,64509.7403251826,297.3561301595491
64009.74032518632,697.3561322402182,64009.74032518632,297.356132446128
63809.74032518074,897.3561322486803,63809.74032518051,97.356132446208
63809.74032518074,897.3561322486803,64102.97656062098,897.3561322588012
64009.74032518632,697.3561322402182,64302.97656061842,697.3561322503392
64102.97656062494,1497.356133178795,64102.97656063891,1997.356132451105
64302.9765606282,1397.356133177231,64302.97656064682,1897.356132450079
64302.97656092599,11497.35613286267,64402.9765608899,11497.35613285884
64402.9765608899,11497.35613285884,64402.9765608899,11697.35613286073
64402.9765608899,11697.35613286073,64302.97656092785,11697.35613286479
67102.97656090574,11697.35613286479,66502.976560909,11697.35613286073
66502.976560909,11697.35613286073,66502.976560909,11497.35613285886
66502.976560909,11497.35613285886,67102.97656090923,11497.35613286268
64402.97656090061,11697.35613286469,66502.97656090061,11697.35613286469
67102.976560919,9197.356132848787,67102.97656090923,11497.35613286268
67202.97656092157,9297.356132847011,67202.97656091156,11597.35613286469
56902.97656123473,12697.35613284018,56602.9765607374,12697.35613284155
56602.9765607374,12697.35613284155,56602.9765607374,12497.3561328416
56602.9765607374,12497.3561328416,56902.976561231,12497.35613284002
54102.97656091132,12497.35613284002,54502.9765607374,12497.3561328416
54502.9765607374,12497.3561328416,54502.9765607374,12697.35613284155
54502.9765607374,12697.35613284155,54102.97656091016,12697.35613284018
56602.97656074368,12697.35613284164,54502.97656074369,12697.35613284164
56902.74296925885,14897.35613284074,56602.74298606526,14897.35613284053
56602.74298606526,14897.35613284053,56602.74298606526,14697.35613284471
56602.74298606526,14697.35613284471,56902.74297292779,14697.35613284037
54102.97656090993,14697.35613284177,54502.74298606503,14697.35613284576
54502.74298606503,14697.35613284576,54502.74298606549,14897.3561328416
54502.74298606549,14897.3561328416,54102.97656092739,14897.35613284216
64102.97656063891,1997.356132451112,64102.97656072832,7097.356132855583
64302.97656063821,2097.356132450079,64302.97656073181,7197.356132839387
59702.97656109665,9097.356132855612,59002.782369062,9097.356132851217
59602.97656109549,9297.356132854913,58902.78236906432,9297.356132855612
62202.78236906037,9097.356132849718,61802.97656092715,9097.356132855262
62302.78236906083,9297.35613285532,61902.97656093042,9297.356132838397
62402.78236905268,7097.356132855466,63102.97656100422,7097.356132855278
63102.97656100422,7097.356132855278,63102.97656100446,7297.356132862887
63102.97656100446,7297.356132862887,62402.78236906037,7297.356132859249
64102.9765609849,7297.356132859352,64002.97656100446,7297.356132862931
64002.97656100446,7297.356132862931,64002.97656100423,7097.35613285532
64002.97656100423,7097.35613285532,64102.97656072832,7097.356132855583
51602.9765609218,9597.356132839444,50402.97656091621,9597.35613284048
51602.97656091621,9697.356132840827,50502.97656091667,9697.356132851844
52902.97656091295,8497.356132841176,52902.97656073926,3297.356132614595
52702.97656090829,8397.356132851042,52702.97656073902,3297.35613282391
51702.97656092809,8397.356132851042,51702.97656092809,7597.356132842559
51602.97656091621,8497.356132841176,51602.97656090899,7697.356132842559
70202.97656090502,7297.35613250865,70202.9765609048,9097.356132841714
70302.97656090434,7297.356132514064,70302.97656090434,9197.356132673902
64102.97656088036,9097.356132860443,62402.7823690599,9097.35613286018
64102.97656092902,9297.35613285596,62302.78236906083,9297.35613285532
61702.97656092948,13997.35613285331,61702.97656092738,13356.94274547209
61702.97656092738,13356.94274547209,61902.97656092482,13356.94274547204
61902.97656092482,13356.94274547204,61902.97656092762,13897.35613285266
61902.97656092692,11697.35613286182,61902.97656092459,12356.94274547203
61902.97656092459,12356.94274547203,61702.97656092715,12356.94274547209
61702.97656092715,12356.94274547209,61702.97656092879,11597.35613285401
64302.97656092808,13897.35613267608,64302.97656092785,11697.35613286479
64102.97656092622,13897.35613285255,64102.97656092529,11697.35613286012
57102.97656123565,12597.35613284164,57102.97656110131,9297.356132853414
56902.976561231,12497.35613284002,56902.97656109666,9197.3561328597
57102.74297107888,14797.35613468231,57102.74298586386,13997.35613470129
56902.74297292779,14697.35613284037,56902.74298586386,13997.35613100504
67102.97656090574,11697.35613286479,67102.97656090876,12297.35613267594
67202.97656091156,11597.35613286469,67202.97656090876,12297.35613267633
49002.97656092739,1497.188632371997,49352.92513696004,1497.411387457288
49002.97656080166,1297.188591852138,49353.05244426049,1297.411427975161
49352.92513696004,1497.411387457288,49353.05244426049,1297.411427975161
49002.97656080166,1297.188591852138,49002.97656091621,1297.356126843691
48802.9765609204,1397.124958451555,48802.97656091621,1297.35612684789
49002.97656091621,1297.356126843691,48802.97656091621,1297.35612684789
40502.97655565773,12497.35613284596,40502.97655564981,11597.35613285398
40302.97655565004,12597.35613284193,40302.97655565517,11697.35613285316
33302.97655595925,12597.35613284187,33302.97655582514,9297.356132861447
33102.97655595529,12497.35613284426,33102.97655582025,9197.3561328597
40502.97655565842,14697.35613282547,40502.97655565028,13997.35613285322
40302.97655565237,14897.35613282575,40302.97655565284,14097.35613285397
33302.74296580248,14797.35613467052,33302.74298058746,13997.35613470129
33102.74296764626,14697.35613282648,33102.74298058746,13997.35613100504
24502.97813268767,1497.356131502167,25002.97656100446,1497.356131528098
24502.97813269419,1297.356131502167,25002.97656102052,1297.35613152123
24502.97813268767,1497.356131502167,24502.97813269419,1297.356131502167
25202.97656100399,1497.356131519796,25702.97818648179,1497.356131540526
25202.97656097302,1297.35613152895,25702.97818648831,1297.356131540526
25702.97818648179,1497.356131540526,25702.97818648831,1297.356131540526
25202.97656097302,1297.35613152895,25202.97656100888,1297.356126843691
25002.97656102052,1297.35613152123,25002.97656100888,1297.3561268395
25202.97656100888,1297.356126843691,25002.97656100888,1297.3561268395
12002.82279695889,1497.356133109259,12002.82279695423,2097.356132729694
12202.82279694375,1497.356133109419,12202.82279694073,1897.356132717346
12002.82279695423,2097.356132729694,12602.96883871492,2097.356132714662
12202.82279694073,1897.356132717346,12502.97497941174,1897.356132719704
14603.1303254116,1497.356133072973,14603.13032541486,1897.356132722018
14803.13032539647,1497.356133067371,14803.13032540113,2097.35613270385
14603.13032541486,1897.356132722018,14302.9781430938,1897.356132724368
14803.13032540113,2097.35613270385,14202.9842836607,2097.356132714662
35402.83201018854,1497.356133108232,35402.83201018388,2097.356132882671
35602.8320101734,1497.356133125288,35602.83201017014,1897.356132870324
35402.83201018388,2097.356132882671,36002.97805194154,2097.35613288246
35602.83201017014,1897.356132870324,35902.97497921919,1897.356132872681
38003.13953864148,1497.356133055919,38003.13953864428,1897.356132874136
38203.1395386515,1497.356133067858,38203.13953865615,2097.356132855961
38003.13953864428,1897.356132874136,37702.97814291173,1897.356132876479
38203.13953865615,2097.356132855961,37602.99349688732,2097.35613288246
59202.89448986172,1497.356133065581,59202.89448985706,2097.356132825213
59402.89448984659,1497.356133094023,59402.89448984356,1897.35613281288
59202.89448985706,2097.356132825213,59803.04053160447,2097.356132834875
59402.89448984356,1897.35613281288,59702.97497883711,1897.356132815223
61803.20201831467,1497.356133114992,61803.20201831769,1897.356132840055
62003.2020182993,1497.356133113689,62003.20201830419,2097.356132821881
61803.20201831769,1897.356132840055,61502.9781425229,1897.356132842405
62003.20201830419,2097.356132821881,61403.05597655025,2097.356132834875
12202.82279694375,1497.356133109419,12502.96573262817,1497.35613310044
12102.82279695819,1297.356133110961,12702.96110929192,1297.356133106821
14703.13032540997,1297.356133073534,14102.99201303061,1297.356133102099
14603.1303254116,1497.356133072973,14302.98738975978,1497.356133086332
35602.8320101734,1497.356133125288,35902.96573243586,1497.356133116316
35502.83201018481,1297.356133110961,36102.96110909961,1297.356133090807
38103.13953863659,1297.356133073534,37502.99201282316,1297.356133086405
38003.13953864148,1497.356133055919,37702.98738957748,1497.356133069241
59402.89448984659,1497.356133094023,59702.96573217136,1497.356133107374
59302.8944898552,1297.356133073541,59902.9611089003,1297.356133124749
61903.20201830698,1297.356133110961,61302.99201261711,1297.356133110787
61803.20201831467,1497.356133114992,61502.98738930646,1497.356133105999
